0 0.00370334
0.555556 -0.00396419
1.11111 0.000730158
1.66667 -0.00224281
2.22222 0.00505833
2.77778 -0.00427534
3.33333 0.000965002
3.88889 -0.00145835
4.44444 0.00556684
5 -0.00363626
5.55556 0.00163495
6.11111 -0.0018615
6.66667 0.00584992
7.22222 -0.00459724
7.77778 0.00113832
8.33333 -0.0016118
8.88889 0.00467858
9.44444 -0.00225962
10 0.00148885
10.5556 -0.001209
11.1111 0.00484413
11.6667 -0.00341893
12.2222 0.00242262
12.7778 -0.00185538
13.3333 0.0040916
13.8889 -0.00230724
14.4444 0.000205379
15 -0.00242506
15.5556 0.00401116
16.1111 -0.00471922
16.6667 0.00088809
17.2222 -0.0012142
17.7778 0.00552678
18.3333 -0.00283623
18.8889 0.000774676
19.4444 -0.00128499
20 0.00390722
20.5556 -0.00455746
21.1111 0.00167946
21.6667 -0.00193662
22.2222 0.00429452
22.7778 -0.00435297
23.3333 0.000465843
23.8889 -0.00237505
24.4444 0.00511076
25 -0.00562665
25.5556 0.00258069
26.1111 -0.000308914
26.6667 0.00333462
27.2222 -0.00340512
27.7778 0.00241861
28.3333 -0.00080261
28.8889 0.00367264
29.4444 -0.00685386
30 -0.00973998
30.5556 -0.0403295
31.1111 -0.0808173
31.6667 -0.173833
32.2222 -0.256452
32.7778 -0.368997
33.3333 -0.478797
33.8889 -0.59486
34.4444 -0.697166
35 -0.786354
35.5556 -0.854852
36.1111 -0.91044
36.6667 -0.939376
37.2222 -0.954501
37.7778 -0.948945
38.3333 -0.937037
38.8889 -0.906971
39.4444 -0.872301
40 -0.830755
40.5556 -0.786893
41.1111 -0.739319
41.6667 -0.691709
42.2222 -0.643882
42.7778 -0.600018
43.3333 -0.553486
43.8889 -0.511208
44.4444 -0.466358
45 -0.433773
45.5556 -0.393377
46.1111 -0.361671
46.6667 -0.322751
47.2222 -0.302832
47.7778 -0.27024
48.3333 -0.251122
48.8889 -0.224693
49.4444 -0.214982
50 -0.192772
50.5556 -0.182904
51.1111 -0.162467
51.6667 -0.158073
52.2222 -0.142884
52.7778 -0.133601
53.3333 -0.119861
53.8889 -0.117797
54.4444 -0.107356
55 -0.105328
55.5556 -0.0945341
56.1111 -0.094462
56.6667 -0.0856678
57.2222 -0.0817583
57.7778 -0.0727617
58.3333 -0.0754731
58.8889 -0.0670058
59.4444 -0.0649012
60 -0.0558547
60.5556 -0.0614567
61.1111 -0.0542982
61.6667 -0.0523944
62.2222 -0.0459689
62.7778 -0.0516219
63.3333 -0.0460348
63.8889 -0.047262
64.4444 -0.0416472
65 -0.0491744
65.5556 -0.0424456
66.1111 -0.0430363
66.6667 -0.0385443
67.2222 -0.0450923
67.7778 -0.0387117
68.3333 -0.0410477
68.8889 -0.0348256
69.4444 -0.0415871
70 -0.035353
70.5556 -0.0347293
71.1111 -0.0286205
71.6667 -0.0349549
72.2222 -0.0297207
72.7778 -0.0311396
73.3333 -0.0255237
73.8889 -0.0301514
74.4444 -0.0268592
75 -0.0280955
75.5556 -0.0239072
76.1111 -0.033626
76.6667 -0.0263181
77.2222 -0.0287813
77.7778 -0.0236192
78.3333 -0.0301901
78.8889 -0.0255848
79.4444 -0.0260717
80 -0.0197436
80.5556 -0.0279669
81.1111 -0.0214572
81.6667 -0.0233025
82.2222 -0.0175322
82.7778 -0.0240539
83.3333 -0.0193833
83.8889 -0.0217009
84.4444 -0.0150438
85 -0.0214336
85.5556 -0.0189232
86.1111 -0.0218684
86.6667 -0.0155684
87.2222 -0.0245171
87.7778 -0.0224362
88.3333 -0.0223337
88.8889 -0.0154773
89.4444 -0.0242868
90 -0.0179767
90.5556 -0.0232106
91.1111 -0.0165773
91.6667 -0.0212917
92.2222 -0.0164424
92.7778 -0.0198993
93.3333 -0.0128581
93.8889 -0.0186577
94.4444 -0.013945
95 -0.0155596
95.5556 -0.0122192
96.1111 -0.0196141
96.6667 -0.0138468
97.2222 -0.0155327
97.7778 -0.0110717
98.3333 -0.0195875
98.8889 -0.0142939
99.4444 -0.0169045
100 -0.0126692
100.556 -0.0197892
101.111 -0.0157842
101.667 -0.0172011
102.222 -0.00994811
102.778 -0.0180749
103.333 -0.0117369
103.889 -0.0143016
104.444 -0.00851372
105 -0.0142065
105.556 -0.00805692
106.111 -0.00960769
106.667 -0.00619425
107.222 -0.0125354
107.778 -0.007192
108.333 -0.00958379
108.889 -0.00374698
109.444 -0.0115748
110 -0.00693701
110.556 -0.00967164
111.111 -0.00353068
111.667 -0.0118853
112.222 -0.00743476
112.778 -0.00684923
113.333 -0.00206787
113.889 -0.0107435
114.444 -0.00437463
115 -0.00714352
115.556 -0.0015681
116.111 -0.00919479
116.667 -0.00405495
117.222 -0.00680569
117.778 -0.00298467
118.333 -0.00907888
118.889 -0.00552557
119.444 -0.00594302
120 -0.00203434
120.556 -0.00910517
121.111 -0.00625251
121.667 -0.00851711
122.222 -0.00325364
122.778 -0.0111752
123.333 -0.00578624
123.889 -0.00780011
124.444 -0.00285991
125 -0.0115554
125.556 -0.00559568
126.111 -0.00536211
126.667 -0.00204454
127.222 -0.00731185
127.778 -0.00424216
128.333 -0.00465824
128.889 0.000893296
129.444 -0.00728487
130 -0.00347504
130.556 -0.00546697
131.111 -0.00253225
131.667 -0.00761935
132.222 -0.0040576
132.778 -0.00604695
133.333 -0.00162395
133.889 -0.00985474
134.444 -0.0045006
135 -0.00801007
135.556 -0.00134088
136.111 -0.00910475
136.667 -0.00430008
137.222 -0.00707093
137.778 -0.00133091
138.333 -0.0087284
138.889 -0.00484636
139.444 -0.00606784
140 -0.000335484
140.556 -0.00977074
141.111 -0.00371678
141.667 -0.00642004
142.222 0.000238729
142.778 -0.00812501
143.333 -0.00430448
143.889 -0.00693462
144.444 -0.00164239
145 -0.00883775
145.556 -0.00476594
146.111 -0.0064802
146.667 -0.000586946
147.222 -0.00722627
147.778 -0.00407335
148.333 -0.00484535
148.889 0.000630411
149.444 -0.00822169
150 -0.00462709
150.556 -0.0056279
151.111 -0.000175537
151.667 -0.00595765
152.222 -0.00217143
152.778 -0.00529619
153.333 -6.83558e-05
153.889 -0.00828821
154.444 -0.00256556
155 -0.00527411
155.556 -0.000933362
156.111 -0.00697351
156.667 -0.00221464
157.222 -0.00501158
157.778 0.000176974
158.333 -0.0052933
158.889 -0.0032859
159.444 -0.00425574
160 4.91382e-05
160.556 -0.005815
161.111 -0.00149506
161.667 -0.00316358
162.222 0.00253787
162.778 -0.00719305
163.333 -0.00176385
163.889 -0.00540959
164.444 0.000367547
165 -0.00826227
165.556 -0.00359934
166.111 -0.00403702
166.667 -0.000770724
167.222 -0.00926955
167.778 -0.00335609
168.333 -0.00602561
168.889 7.01696e-05
169.444 -0.00919263
170 -0.00330762
170.556 -0.00584686
171.111 -0.000657958
171.667 -0.00739864
172.222 -0.00230909
172.778 -0.00533678
173.333 0.000865603
173.889 -0.00667767
174.444 -0.0014457
175 -0.00560215
175.556 0.00090268
176.111 -0.00775762
176.667 -0.00324133
177.222 -0.00647349
177.778 0.000378068
178.333 -0.00680808
178.889 -0.00204259
179.444 -0.00628707
180 0.000284133
180.556 -0.00765
181.111 -0.00213909
181.667 -0.00447092
182.222 0.00114607
182.778 -0.00635074
183.333 -0.00105898
183.889 -0.00502631
184.444 0.000997539
185 -0.00703199
185.556 -0.00241788
186.111 -0.00257442
186.667 0.000495045
187.222 -0.00629161
187.778 -0.00407236
188.333 -0.00552374
188.889 0.000955745
189.444 -0.00904342
190 -0.00330016
190.556 -0.00729527
191.111 -0.000418218
191.667 -0.00825883
192.222 -0.00607674
192.778 -0.00760982
193.333 -0.00441557
193.889 -0.00978937
194.444 -0.0046754
195 -0.00802466
195.556 -0.00371065
196.111 -0.0105353
196.667 -0.00664598
197.222 -0.00697812
197.778 -0.0024523
198.333 -0.00956243
198.889 -0.00726138
199.444 -0.00559661
200 -0.000526668
200.556 -0.00827056
201.111 -0.00268727
201.667 -0.00306021
202.222 0.00134672
202.778 -0.00544188
203.333 0.000574025
203.889 -0.000400046
204.444 0.0052373
205 -0.000838503
205.556 0.00520953
206.111 0.00284364
206.667 0.00894049
207.222 0.000565737
207.778 0.00714078
208.333 0.00380683
208.889 0.00874248
209.444 0.000747197
210 0.0066811
210.556 0.00210423
211.111 0.00748351
211.667 7.84421e-05
212.222 0.00419874
212.778 0.0012286
213.333 0.00642416
213.889 -0.00269964
214.444 0.00343495
215 0.00120575
215.556 0.00503272
216.111 -0.00394069
216.667 0.00203225
217.222 -0.000970646
217.778 0.00368247
218.333 -0.0032291
218.889 0.00121207
219.444 -0.000553923
220 0.00438156
220.556 -0.00288099
221.111 -6.98442e-05
221.667 -1.39744e-05
222.222 0.00309329
222.778 -0.00339226
223.333 0.00139642
223.889 -0.00183197
224.444 0.0029978
225 -0.00363118
225.556 0.000683923
226.111 -0.00213027
226.667 0.00193771
227.222 -0.00499924
227.778 -0.00017462
228.333 -0.00378011
228.889 0.00171288
229.444 -0.00612253
230 -0.00134619
230.556 -0.00285342
231.111 0.000726691
231.667 -0.00506834
232.222 -0.00138301
232.778 -0.00567325
233.333 0.00227267
233.889 -0.00666736
234.444 -0.00119102
235 -0.00488045
235.556 0.000450094
236.111 -0.00557413
236.667 -0.00136257
237.222 -0.00455236
237.778 0.00141828
238.333 -0.00778457
238.889 -0.00467334
239.444 -0.0050698
240 0.000228623
240.556 -0.00941394
241.111 -0.00462922
241.667 -0.00654476
242.222 -0.000848342
242.778 -0.00976155
243.333 -0.00488967
243.889 -0.00527956
244.444 -0.00103135
245 -0.0102475
245.556 -0.00418809
246.111 -0.0073724
246.667 -0.00175102
247.222 -0.0112024
247.778 -0.00648497
248.333 -0.00797551
248.889 -0.00260343
249.444 -0.0112622
250 -0.00643137
250.556 -0.00712103
251.111 -0.00401332
251.667 -0.0114184
252.222 -0.00701862
252.778 -0.00901812
253.333 -0.00524721
253.889 -0.0133825
254.444 -0.00891098
255 -0.0112355
255.556 -0.00827499
256.111 -0.0150046
256.667 -0.0106289
257.222 -0.0125162
257.778 -0.00600204
258.333 -0.0163409
258.889 -0.0107021
259.444 -0.0117293
260 -0.00634304
260.556 -0.0141991
261.111 -0.00910991
261.667 -0.00962258
262.222 -0.00471949
262.778 -0.010961
263.333 -0.00394683
263.889 -0.00672341
264.444 -0.00115905
265 -0.00811233
265.556 -0.00354146
266.111 -0.00524006
266.667 0.000909285
267.222 -0.00620107
267.778 -0.00238013
268.333 -0.000972392
268.889 0.000493205
269.444 -0.00348396
270 0.000272332
270.556 -0.0017583
271.111 0.00359496
271.667 -0.00522341
272.222 0.00178071
272.778 -0.000554441
273.333 0.00351898
273.889 -0.00339131
274.444 0.00340702
275 0.00109803
275.556 0.00507211
276.111 -0.00109836
276.667 0.00254594
277.222 -9.56891e-05
277.778 0.00539432
278.333 -0.00283845
278.889 0.00365363
279.444 -0.000178278
280 0.00542567
280.556 -0.00163663
281.111 0.00426449
281.667 0.000264765
282.222 0.00513082
282.778 -0.00287153
283.333 0.00268991
283.889 -0.000396591
284.444 0.00405787
285 -0.00361708
285.556 0.00294314
286.111 0.000903143
286.667 0.00582864
287.222 -0.00119411
287.778 0.00334664
288.333 -0.000741315
288.889 0.00503782
289.444 -0.00180444
290 0.00277168
290.556 -0.000463928
291.111 0.00674658
291.667 -0.00153408
292.222 0.00278587
292.778 -0.00053489
293.333 0.00511933
293.889 -0.000957955
294.444 0.00458621
295 -0.000799815
295.556 0.00635604
296.111 -0.0023566
296.667 0.00344371
297.222 -0.0011663
297.778 0.00573598
298.333 -0.00335634
298.889 0.00195208
299.444 -0.000913253
300 0.0062012
300.556 -0.00215412
301.111 0.00250387
301.667 -0.00223104
302.222 0.00474228
302.778 -0.0021806
303.333 0.00186053
303.889 -9.60262e-05
304.444 0.0038606
305 -0.00230567
305.556 0.00290576
306.111 0.000160271
306.667 0.00409119
307.222 -0.00231379
307.778 0.00183096
308.333 0.00132623
308.889 0.00463904
309.444 -0.00297641
310 0.00220538
310.556 0.00119944
311.111 0.00375644
311.667 -0.00185013
312.222 0.000790148
312.778 0.000350996
313.333 0.00515042
313.889 -0.00225362
314.444 0.00115982
315 0.000514541
315.556 0.00429365
316.111 2.90153e-05
316.667 0.00183861
317.222 0.000211148
317.778 0.00377405
318.333 -0.00206779
318.889 0.00384432
319.444 0.000812361
320 0.00571653
320.556 -0.00235856
321.111 0.00291261
321.667 -0.000970968
322.222 0.00606947
322.778 -0.00108659
323.333 0.00192057
323.889 -0.000367328
324.444 0.00522758
325 -0.00307198
325.556 0.00139039
326.111 -0.00203293
326.667 0.00384437
327.222 -0.00208405
327.778 0.00236457
328.333 -0.000601298
328.889 0.00534194
329.444 -0.00408681
330 0.00276776
330.556 -0.000932004
331.111 0.0051054
331.667 -0.00202123
332.222 0.00255144
332.778 -0.000616056
333.333 0.00452725
