0 0.000492814
0.555556 -0.000207733
1.11111 -0.00242055
1.66667 0.0010225
2.22222 0.00204247
2.77778 -0.000566386
3.33333 -0.000815224
3.88889 0.000369761
4.44444 0.00174403
5 -0.00143458
5.55556 0.000153632
6.11111 -0.00018653
6.66667 -0.000230991
7.22222 0.000985964
7.77778 -0.000973025
8.33333 0.000700836
8.88889 0.00185188
9.44444 0.000226199
10 -0.000625634
10.5556 0.000175072
11.1111 0.000682719
11.6667 0.000196454
12.2222 -0.00119929
12.7778 0.00104006
13.3333 0.00150418
13.8889 0.000153735
14.4444 -0.00153276
15 -0.00018881
15.5556 0.000556788
16.1111 -0.00100285
16.6667 -0.000801564
17.2222 0.000788719
17.7778 -6.48942e-05
18.3333 0.000131753
18.8889 -0.000360641
19.4444 -0.000142895
20 0.00103153
20.5556 -0.00010567
21.1111 -0.000870529
21.6667 -0.000459709
22.2222 0.000590203
22.7778 -0.00011329
23.3333 -0.00138883
23.8889 0.000624766
24.4444 0.000521476
25 -0.000244053
25.5556 -0.000560622
26.1111 -0.00110136
26.6667 0.000914423
27.2222 0.000586829
27.7778 -0.000732705
28.3333 0.00104576
28.8889 0.00137106
29.4444 -0.00384322
30 -0.0128672
30.5556 -0.0370056
31.1111 -0.077898
31.6667 -0.163209
32.2222 -0.254064
32.7778 -0.363863
33.3333 -0.478162
33.8889 -0.595369
34.4444 -0.701067
35 -0.795259
35.5556 -0.866363
36.1111 -0.919615
36.6667 -0.950917
37.2222 -0.961458
37.7778 -0.957707
38.3333 -0.943225
38.8889 -0.916019
39.4444 -0.878688
40 -0.836317
40.5556 -0.790279
41.1111 -0.743296
41.6667 -0.692406
42.2222 -0.643766
42.7778 -0.593851
43.3333 -0.545777
43.8889 -0.499934
44.4444 -0.456447
45 -0.420387
45.5556 -0.381278
46.1111 -0.347334
46.6667 -0.315807
47.2222 -0.288654
47.7778 -0.263205
48.3333 -0.238669
48.8889 -0.217511
49.4444 -0.19866
50 -0.181268
50.5556 -0.164772
51.1111 -0.149155
51.6667 -0.136427
52.2222 -0.125958
52.7778 -0.113601
53.3333 -0.104478
53.8889 -0.0971932
54.4444 -0.0902687
55 -0.0824512
55.5556 -0.0774344
56.1111 -0.0740261
56.6667 -0.069652
57.2222 -0.0651139
57.7778 -0.0608014
58.3333 -0.0588107
58.8889 -0.0582896
59.4444 -0.0553769
60 -0.0516203
60.5556 -0.0508169
61.1111 -0.0502202
61.6667 -0.0482087
62.2222 -0.0461859
62.7778 -0.0462603
63.3333 -0.0458099
63.8889 -0.0437207
64.4444 -0.0407858
65 -0.0384278
65.5556 -0.0389076
66.1111 -0.0362463
66.6667 -0.0346733
67.2222 -0.0325318
67.7778 -0.0323013
68.3333 -0.0293541
68.8889 -0.0287606
69.4444 -0.0273837
70 -0.0265258
70.5556 -0.0241623
71.1111 -0.0238049
71.6667 -0.024424
72.2222 -0.0238925
72.7778 -0.020662
73.3333 -0.0221452
73.8889 -0.0210956
74.4444 -0.0219404
75 -0.0206536
75.5556 -0.0198702
76.1111 -0.0219281
76.6667 -0.020687
77.2222 -0.0209586
77.7778 -0.0213489
78.3333 -0.0205837
78.8889 -0.0213492
79.4444 -0.0192811
80 -0.0192649
80.5556 -0.019983
81.1111 -0.0185653
81.6667 -0.0182258
82.2222 -0.0166647
82.7778 -0.0148657
83.3333 -0.0155157
83.8889 -0.0138072
84.4444 -0.0105873
85 -0.0133629
85.5556 -0.0138181
86.1111 -0.0124619
86.6667 -0.0137048
87.2222 -0.0123054
87.7778 -0.0154568
88.3333 -0.0122303
88.8889 -0.0119935
89.4444 -0.0145987
90 -0.0139491
90.5556 -0.014155
91.1111 -0.0140718
91.6667 -0.0163
92.2222 -0.0163737
92.7778 -0.0146099
93.3333 -0.015284
93.8889 -0.01445
94.4444 -0.0151628
95 -0.01516
95.5556 -0.0139282
96.1111 -0.0137966
96.6667 -0.0137388
97.2222 -0.0131626
97.7778 -0.0141478
98.3333 -0.0133807
98.8889 -0.014302
99.4444 -0.0142302
100 -0.0159458
100.556 -0.015268
101.111 -0.0159165
101.667 -0.016674
102.222 -0.0158755
102.778 -0.016446
103.333 -0.0161371
103.889 -0.0161159
104.444 -0.0153962
105 -0.0156209
105.556 -0.0162356
106.111 -0.0163442
106.667 -0.0147439
107.222 -0.0154966
107.778 -0.0150425
108.333 -0.0140705
108.889 -0.0129469
109.444 -0.0137826
110 -0.0114905
110.556 -0.0106409
111.111 -0.0105415
111.667 -0.0103899
112.222 -0.00952489
112.778 -0.0088794
113.333 -0.00622867
113.889 -0.00664364
114.444 -0.00736448
115 -0.0059797
115.556 -0.00530214
116.111 -0.00560642
116.667 -0.00683175
117.222 -0.00548268
117.778 -0.00479386
118.333 -0.00492274
118.889 -0.00515002
119.444 -0.00663067
120 -0.00599587
120.556 -0.00538972
121.111 -0.00721832
121.667 -0.00714777
122.222 -0.00644948
122.778 -0.00740697
123.333 -0.00773906
123.889 -0.00711289
124.444 -0.00701325
125 -0.00706184
125.556 -0.00699976
126.111 -0.00555493
126.667 -0.00545093
127.222 -0.00565998
127.778 -0.00612148
128.333 -0.0057181
128.889 -0.00380003
129.444 -0.00479456
130 -0.00620069
130.556 -0.0045453
131.111 -0.00431263
131.667 -0.00434426
132.222 -0.00431437
132.778 -0.00586229
133.333 -0.00270392
133.889 -0.00410721
134.444 -0.00559527
135 -0.00400429
135.556 -0.00638387
136.111 -0.00582737
136.667 -0.00656231
137.222 -0.00472221
137.778 -0.0059214
138.333 -0.005076
138.889 -0.00593656
139.444 -0.0057893
140 -0.00348072
140.556 -0.005509
141.111 -0.00475707
141.667 -0.00400621
142.222 -0.0046472
142.778 -0.00201283
143.333 -0.00405097
143.889 -0.00333591
144.444 -0.00240139
145 -0.00314996
145.556 -0.00362114
146.111 -0.00193262
146.667 -0.00186111
147.222 -0.00280765
147.778 -0.00259272
148.333 -0.00276407
148.889 -0.00241199
149.444 -0.00385703
150 -0.00398588
150.556 -0.00406767
151.111 -0.00304012
151.667 -0.00409519
152.222 -0.00348766
152.778 -0.00359191
153.333 -0.00367661
153.889 -0.00423159
154.444 -0.00406999
155 -0.00254454
155.556 -0.00177468
156.111 -0.00372972
156.667 -0.00393739
157.222 -0.00257132
157.778 -0.00221672
158.333 -0.00226188
158.889 -0.00196764
159.444 -0.00123319
160 1.73911e-05
160.556 -0.00243357
161.111 -0.00174924
161.667 -0.00220605
162.222 -0.000956481
162.778 -0.0015309
163.333 -0.00179823
163.889 -0.00178328
164.444 -0.00296988
165 -0.00149363
165.556 -0.0016876
166.111 -0.00294159
166.667 -0.00169932
167.222 -0.0030016
167.778 -0.00271756
168.333 -0.00284969
168.889 -0.00327752
169.444 -0.00429114
170 -0.00306552
170.556 -0.00357542
171.111 -0.00169379
171.667 -0.00262456
172.222 -0.00474551
172.778 -0.0021342
173.333 -0.00196295
173.889 -0.000772891
174.444 -0.00227842
175 -0.00305348
175.556 -0.000254637
176.111 -0.00380567
176.667 -0.00367196
177.222 -0.00228746
177.778 -0.000791865
178.333 -0.00211822
178.889 -0.00349566
179.444 -0.00249833
180 -0.00159837
180.556 -0.00286709
181.111 -0.00343137
181.667 -0.00214913
182.222 -0.00164158
182.778 -0.00305272
183.333 -0.00297435
183.889 -0.00418885
184.444 -0.00296501
185 -0.00232701
185.556 -0.00365921
186.111 -0.00242266
186.667 -0.00135239
187.222 -0.00379529
187.778 -0.00141388
188.333 -0.00245098
188.889 -0.00134931
189.444 -0.00284877
190 -0.00133353
190.556 -0.00255984
191.111 -0.000720743
191.667 -0.00236048
192.222 -0.00307467
192.778 -0.00180128
193.333 -0.00186603
193.889 -0.00349187
194.444 -0.00322541
195 -0.00232949
195.556 -0.00362754
196.111 -0.00390843
196.667 -0.0055086
197.222 -0.00506149
197.778 -0.00434531
198.333 -0.00383474
198.889 -0.00501566
199.444 -0.00449773
200 -0.0036495
200.556 -0.00444812
201.111 -0.00293551
201.667 -0.00338999
202.222 -0.00178794
202.778 -0.00347104
203.333 -0.00339004
203.889 -0.0033468
204.444 -0.00273395
205 -0.00197917
205.556 -0.00283071
206.111 -0.00117391
206.667 -0.00155774
207.222 -0.00172453
207.778 -0.00305269
208.333 -0.00200094
208.889 -0.00253319
209.444 -0.00171472
210 -0.00216755
210.556 -0.0020081
211.111 -0.000437126
211.667 -0.00200874
212.222 -0.00084648
212.778 -0.00143528
213.333 0.00043862
213.889 -0.0014016
214.444 -0.000845792
215 -0.000260485
215.556 -0.000147096
216.111 -0.00106276
216.667 -0.00102437
217.222 -0.00110325
217.778 0.000919954
218.333 -0.000618769
218.889 -0.00013227
219.444 -4.77912e-05
220 7.30231e-05
220.556 -0.00142587
221.111 -0.0012498
221.667 -0.00129975
222.222 -0.00110176
222.778 -0.00231628
223.333 -0.0015179
223.889 -0.00212528
224.444 -0.00088155
225 -0.00206112
225.556 -0.00378227
226.111 -0.00390303
226.667 -0.000977533
227.222 -0.00196154
227.778 -0.000961122
228.333 -0.00132508
228.889 -0.00102756
229.444 -0.00216031
230 -0.00144521
230.556 -0.00136547
231.111 -0.00140176
231.667 -0.00317638
232.222 -0.00201861
232.778 -0.00270395
233.333 -0.00338443
233.889 -0.00402497
234.444 -0.00297654
235 -0.00423502
235.556 -0.00369187
236.111 -0.00365026
236.667 -0.00396457
237.222 -0.00381415
237.778 -0.003264
238.333 -0.00573493
238.889 -0.00564826
239.444 -0.00421622
240 -0.0052743
240.556 -0.0038904
241.111 -0.00489501
241.667 -0.00573703
242.222 -0.0044858
242.778 -0.00613113
243.333 -0.00484009
243.889 -0.00487269
244.444 -0.00540218
245 -0.00681859
245.556 -0.00676269
246.111 -0.00377705
246.667 -0.0037458
247.222 -0.00469836
247.778 -0.00298779
248.333 -0.00261468
248.889 -0.00361373
249.444 -0.000473191
250 -0.0026003
250.556 -0.00212907
251.111 -0.00227858
251.667 -0.00314575
252.222 -0.00342479
252.778 -0.00508982
253.333 -0.00407738
253.889 -0.00557037
254.444 -0.00666597
255 -0.00707184
255.556 -0.00712304
256.111 -0.0081715
256.667 -0.00768374
257.222 -0.00736984
257.778 -0.00660227
258.333 -0.00750733
258.889 -0.00741386
259.444 -0.00703185
260 -0.00568621
260.556 -0.00596794
261.111 -0.00537759
261.667 -0.00444557
262.222 -0.00307727
262.778 -0.00519391
263.333 -0.00419354
263.889 -0.00291651
264.444 -0.00198329
265 -0.00257145
265.556 -0.00138168
266.111 -0.00176202
266.667 0.00011593
267.222 -0.00041238
267.778 -0.000593293
268.333 0.00133212
268.889 0.000593414
269.444 0.000762139
270 0.000559235
270.556 0.000336786
271.111 0.00206546
271.667 0.000368124
272.222 0.00140794
272.778 0.00243793
273.333 0.000562092
273.889 0.00156146
274.444 0.00136423
275 0.00175008
275.556 0.00230443
276.111 0.00174439
276.667 0.00238161
277.222 0.00178443
277.778 0.0024356
278.333 0.00211945
278.889 0.00124126
279.444 0.00240298
280 0.00271886
280.556 0.00281227
281.111 0.00175474
281.667 0.00259653
282.222 0.00294566
282.778 0.00202614
283.333 0.00207762
283.889 0.00216547
284.444 0.00245377
285 0.00129148
285.556 0.00176929
286.111 0.00199792
286.667 0.00284973
287.222 0.00148831
287.778 0.00194296
288.333 0.00200394
288.889 0.00205172
289.444 0.00116122
290 0.0014209
290.556 0.00356708
291.111 0.00144118
291.667 0.0013106
292.222 0.00162365
292.778 0.00304131
293.333 0.00119659
293.889 0.0016087
294.444 0.00301952
295 0.00134634
295.556 0.00201979
296.111 0.00229681
296.667 0.00259007
297.222 0.00314287
297.778 0.00147802
298.333 0.00199257
298.889 0.00285949
299.444 0.00341756
300 0.00100993
300.556 0.00242461
301.111 0.00163872
301.667 0.00216084
302.222 0.00159139
302.778 0.000415536
303.333 0.00158805
303.889 0.00109204
304.444 0.0032438
305 0.00082437
305.556 0.000982057
306.111 0.00136298
306.667 0.00120521
307.222 0.000683927
307.778 0.00118587
308.333 0.00141571
308.889 0.00160665
309.444 0.00266854
310 0.00140353
310.556 0.00177299
311.111 0.00280141
311.667 0.000212165
312.222 0.00211586
312.778 0.00170472
313.333 0.00277617
313.889 0.000736286
314.444 0.00090185
315 0.00213079
315.556 0.00232717
316.111 0.000708818
316.667 0.00117006
317.222 0.0026732
317.778 0.00270037
318.333 0.00147411
318.889 0.000240877
319.444 0.00263331
320 0.00174844
320.556 6.64788e-05
321.111 0.000402074
321.667 0.00214552
322.222 0.000764891
322.778 0.00159008
323.333 -0.000365306
323.889 0.00134108
324.444 0.0012069
325 0.000900768
325.556 0.00101038
326.111 0.000582209
326.667 0.00149282
327.222 0.000712237
327.778 0.000744284
328.333 0.000885729
328.889 0.00323261
329.444 0.000272522
330 0.000908008
330.556 0.000498962
331.111 0.0024966
331.667 0.000751932
332.222 -5.82717e-05
332.778 -0.000293157
333.333 0.00188271
