0  -0.234275
1  -0.0224928
2  0.0703629
3  -0.0619323
4  -0.412391
5  -0.314402
6  -0.216955
7  -0.252915
8  -0.0948613
9  -0.434331
10  0.0206572
11  -0.0136427
12  -0.358741
13  -0.659971
14  -0.633409
15  -0.498149
16  -0.308268
17  -0.382092
18  -0.148339
19  -0.079584
20  -0.347023
21  -0.410953
22  -0.279008
23  -0.426484
24  -0.136307
25  -0.352163
26  0.0756406
27  -0.411208
28  -0.127245
29  -0.127167
30  -0.0725328
31  -0.105639
32  -0.0160489
33  -0.258779
34  -0.267075
35  -0.131478
36  -0.088687
37  -0.244513
38  -0.231362
39  -0.0231489
40  0.188473
41  -0.0920965
42  -0.0968979
43  -0.113421
44  -0.149404
45  -0.0717715
46  -0.0984342
47  0.0386137
48  0.087435
49  -0.0275043
50  -0.0779056
51  -0.150051
52  0.0365078
53  -0.121373
54  0.257235
55  0.13465
56  -0.357695
57  -0.425084
58  -0.3865
59  0.292236
60  -0.157685
61  -0.0802834
62  -0.325265
63  -0.00979786
64  0.350421
65  -0.205018
66  -0.277606
67  0.0717773
68  0.00174503
69  0.217914
70  0.506928
71  0.104769
72  0.0394283
73  0.327279
74  -0.514492
75  -0.149631
76  0.380599
77  -0.0939488
78  0.153521
79  0.275712
80  -0.0565944
81  -0.0427611
82  0.178275
83  -0.17013
84  -0.394611
85  0.100213
86  -0.251955
87  -0.492422
88  -0.208763
89  -0.00585302
90  -0.131926
91  -0.177716
92  0.058763
93  -0.604616
94  -0.0709192
95  0.0840087
96  0.328752
97  0.0400191
98  -0.273724
99  -0.0518425
100  -0.1078
101  -0.445438
102  0.0759312
103  -0.192325
104  0.177489
105  0.0477349
106  -0.101932
107  0.115334
108  -0.117367
109  0.139981
110  -0.276348
111  0.101066
112  0.0239023
113  0.0586275
114  0.137667
115  -0.110477
116  0.377392
117  0.0329429
118  -0.0258942
119  0.131463
120  0.033301
121  -0.0509698
122  -0.202634
123  -0.0546238
124  0.156409
125  0.0239132
126  0.137591
127  0.0289974
128  0.132946
129  0.00715942
130  -0.383881
131  -0.156644
132  0.311496
133  -0.0628695
134  -0.0975833
135  -0.53105
136  -0.0556495
137  -0.382155
138  -0.0474681
139  -0.151708
140  0.106227
141  0.281578
142  0.12946
143  -0.0296348
144  0.309903
145  -0.00452461
146  0.00370683
147  0.327526
148  0.0460644
149  0.373402
150  0.455058
151  -0.0955202
152  0.00967602
153  -0.0518411
154  0.298551
155  0.0556397
156  0.377846
157  0.14371
158  0.0755734
159  0.256848
160  -0.0970667
161  -0.10582
162  0.181069
163  0.116834
164  -0.0415597
165  -0.296972
166  -0.106558
167  0.0744752
168  -0.105345
169  -0.0510143
170  0.0906333
171  0.0330886
172  0.0646358
173  -0.0209903
174  -0.001647
175  0.0167688
176  0.435081
177  0.225656
178  0.0279245
179  0.209814
180  0.193978
181  0.37136
182  0.0313807
183  0.128233
184  0.240605
185  0.386383
186  0.0366
187  0.121608
188  0.104817
189  -0.201457
190  0.511285
191  0.358237
192  0.154708
193  0.112983
194  0.147722
195  0.0648448
196  -0.023637
197  0.438071
198  0.356797
199  0.156325
200  0.271169
201  0.0345661
202  0.112341
203  0.107119
204  -0.15378
205  0.0563492
206  0.140895
207  0.106192
208  0.302978
209  -0.399924
210  -0.450735
211  0.344128
212  -0.509377
213  0.273836
214  -0.128686
215  -0.13179
216  0.249218
217  0.166893
218  -0.00627532
219  0.0978186
220  0.316073
221  -0.303534
222  0.0140839
223  0.0232886
224  -0.254137
225  0.069679
226  0.0053598
227  -0.309004
228  -0.0289935
229  0.275778
230  0.0176461
231  -0.193112
232  0.254326
233  0.164594
234  0.0687731
235  0.437298
236  0.126679
237  -0.103347
238  0.102855
239  0.115757
240  0.10889
241  0.339147
242  0.00764676
243  -0.0719714
244  0.257148
245  -0.31306
246  0.0599883
247  0.244138
248  0.290998
249  -0.147128
250  0.302959
251  -0.141428
252  -0.16316
253  0.421904
254  0.364086
255  0.0871788
256  -0.00803955
257  0.041815
258  -0.32091
259  -0.203747
260  -0.0696886
261  0.130863
262  0.274323
263  0.16226
264  0.146078
265  0.00192027
266  0.219043
267  0.360218
268  -0.199982
269  0.53767
270  0.108759
271  0.218734
272  -0.0257549
273  -0.185821
274  0.125374
275  0.451986
276  0.109692
277  0.275562
278  -0.152755
279  -0.138868
280  0.0250841
281  0.164683
282  -0.24676
283  0.43184
284  -0.211287
285  -0.152908
286  0.0318108
287  -0.115376
288  0.197329
289  0.0434839
290  0.0286197
291  -0.161678
292  -0.188027
293  0.170353
294  0.302568
295  -0.0347465
296  0.234797
297  0.121981
298  -0.0731998
299  0.0109127
300  0.146346
301  -0.156874
302  -0.0135762
303  0.256765
304  -0.179547
305  0.233748
306  -0.155746
307  -0.309077
308  -0.1865
309  0.122503
310  0.350771
311  -0.182877
312  -0.253105
313  0.178807
314  0.378543
315  0.31067
316  0.10454
317  -0.0218041
318  -0.108584
319  0.133642
320  0.0604106
321  -0.0356288
322  0.0746824
323  0.0622907
324  0.108917
325  0.119491
326  0.0764738
327  0.231215
328  0.0297707
329  -0.174987
330  -0.180254
331  0.0416467
332  0.0542473
333  0.163092
334  0.252158
335  0.311203
336  0.0812921
337  0.112568
338  0.102342
339  0.114899
340  0.294135
341  0.198942
342  0.110961
343  -0.177019
344  -0.439625
345  -0.056779
346  0.258649
347  0.418489
348  0.130491
349  -0.10785
350  0.338743
351  -0.202191
352  0.0819615
353  0.287531
354  -0.359937
355  -0.0837948
356  -0.0287426
357  -0.208906
358  0.186129
359  -0.00180075
360  0.166767
361  0.0136306
362  0.208531
363  0.0115747
364  0.0599845
365  0.217609
366  -0.213294
367  0.132476
368  -0.0262893
369  0.099006
370  -0.0965718
371  0.238022
372  0.224899
373  0.162523
374  0.369013
375  0.175586
376  0.327251
377  -0.0910564
378  -0.234531
379  -0.148106
380  -0.140517
381  -0.0202129
382  -0.276611
383  -0.176202
384  -0.266235
385  0.24913
386  -0.236491
387  -0.141311
388  -0.173246
389  -0.25426
390  -0.183596
391  -0.201481
392  0.0642351
393  0.204491
394  -0.397675
395  -0.273847
396  0.0871674
397  -0.116032
398  -0.315259
399  -0.508593
400  -0.388743
401  0.363486
402  -0.373967
403  -0.630405
404  -0.0748318
405  0.0774869
406  -0.0819981
407  -0.0833301
408  -0.241629
409  -0.422458
410  0.136353
411  -0.0461161
412  -0.0402918
413  0.137835
414  -0.365375
415  -0.428751
416  0.147119
417  -0.135985
418  -0.130321
419  -0.270651
420  -0.00228612
421  -0.124943
422  -0.277241
423  -0.24252
424  0.0350758
425  -0.328894
426  0.0328864
427  -0.0714096
428  -0.179218
429  -0.20439
430  -0.481718
431  0.0476015
432  -0.3005
433  -0.151011
434  -0.824537
435  -0.0289685
436  -0.501263
437  -0.0155287
438  -0.213066
439  -0.575851
440  -0.145473
441  -0.0356861
442  -0.543519
443  -0.197544
444  -0.388627
445  -0.366291
446  -0.303632
447  -0.0775078
448  -0.0783995
449  0.298158
450  -0.0447273
451  -0.172696
452  -0.367649
453  -0.313877
454  -0.148607
455  -0.63943
456  -0.448286
457  -0.206813
458  -0.203334
459  -0.289481
460  -0.204807
461  -0.118147
462  -0.165071
463  -0.286011
464  -0.444208
465  -0.622405
466  -0.203942
467  -0.302384
468  -0.320661
469  -0.22726
470  -0.0739624
471  -0.278734
472  -0.527125
473  -0.382304
474  -0.45926
475  -0.115984
476  -0.458062
477  -0.676202
478  0.249114
479  -0.395704
480  -0.478394
481  -0.423854
482  -0.327231
483  -0.508973
484  -0.46048
485  -0.6111
486  -0.327835
487  -1.13908
488  -0.974307
489  -1.20793
490  -1.51347
491  -1.22086
492  -1.66047
493  -1.58316
494  -3.23767
495  -7.12971
496  -18.9396
497  -54.1331
498  -149.132
499  -353.363
500  -699.568
501  -1149.48
502  -1604.66
503  -1970.6
504  -2195.82
505  -2278.08
506  -2231.22
507  -2069.88
508  -1815.11
509  -1502.21
510  -1179.21
511  -887.36
512  -648.58
513  -469.171
514  -346.581
515  -274.544
516  -244.108
517  -240.358
518  -249.661
519  -259.64
520  -262.062
521  -254.266
522  -237.002
523  -212.013
524  -180.487
525  -148.924
526  -120.131
527  -96.7261
528  -79.0972
529  -67.821
530  -62.9585
531  -62.0215
532  -63.7382
533  -65.319
534  -68.3558
535  -70.4518
536  -70.3
537  -69.4878
538  -65.3318
539  -60.5826
540  -56.1166
541  -51.8596
542  -47.7231
543  -43.5376
544  -40.3291
545  -38.0548
546  -37.4461
547  -37.4448
548  -37.2479
549  -36.5498
550  -36.345
551  -35.8027
552  -35.6482
553  -35.2543
554  -34.0695
555  -32.5018
556  -31.0402
557  -30.2869
558  -28.9616
559  -27.8191
560  -26.6864
561  -26.3259
562  -25.7657
563  -25.8166
564  -25.0617
565  -24.3497
566  -23.9158
567  -23.5279
568  -23.2903
569  -22.7173
570  -22.5497
571  -21.2471
572  -20.2773
573  -19.7974
574  -19.468
575  -19.134
576  -18.1801
577  -17.6822
578  -18.1299
579  -18.5922
580  -18.3583
581  -18.3349
582  -18.4379
583  -18.5291
584  -18.5909
585  -18.3363
586  -18.096
587  -17.2104
588  -16.5813
589  -15.9937
590  -14.7433
591  -13.8723
592  -12.2276
593  -10.1524
594  -7.85854
595  -5.92131
596  -5.3715
597  -5.64916
598  -7.70158
599  -11.553
600  -15.8843
601  -20.3181
602  -23.6216
603  -25.0384
604  -25.1281
605  -23.2906
606  -20.7721
607  -17.2628
608  -12.9574
609  -9.69342
610  -6.58834
611  -4.92734
612  -4.3759
613  -5.29499
614  -6.22108
615  -7.70857
616  -9.62108
617  -10.7753
618  -11.8435
619  -11.7901
620  -11.8951
621  -11.4103
622  -10.469
623  -9.50238
624  -8.50203
625  -7.5087
626  -6.82053
627  -6.50862
628  -6.22549
629  -6.57789
630  -6.39347
631  -7.23002
632  -7.84345
633  -8.59761
634  -9.07062
635  -9.3298
636  -9.83939
637  -9.66435
638  -9.60516
639  -9.22479
640  -8.95225
641  -9.30821
642  -8.78209
643  -8.71229
644  -8.70534
645  -8.58184
646  -8.05073
647  -8.0988
648  -7.93304
649  -7.49375
650  -7.61782
651  -7.38439
652  -6.89001
653  -6.59936
654  -6.65013
655  -5.92407
656  -6.47623
657  -6.66352
658  -6.25238
659  -6.13488
660  -6.48823
661  -6.5527
662  -6.66446
663  -6.65504
664  -6.76575
665  -6.35121
666  -6.6641
667  -6.69265
668  -6.56703
669  -6.84682
670  -6.37325
671  -6.28889
672  -6.59085
673  -5.86932
674  -5.66988
675  -5.91531
676  -5.40455
677  -4.80785
678  -5.01949
679  -5.35254
680  -5.11794
681  -4.97826
682  -5.43409
683  -5.52695
684  -5.59566
685  -5.45943
686  -5.33308
687  -5.51504
688  -5.40193
689  -5.42438
690  -4.68009
691  -4.24674
692  -4.11147
693  -3.22467
694  -1.97086
695  0.225456
696  2.22176
697  4.13419
698  5.41903
699  5.79823
700  4.74821
701  2.3259
702  -1.01127
703  -4.55103
704  -8.46207
705  -11.6148
706  -13.3474
707  -14.3487
708  -13.4141
709  -11.9602
710  -8.88163
711  -6.28728
712  -3.50472
713  -1.22679
714  0.750649
715  2.72183
716  5.05143
717  7.71363
718  9.48202
719  10.1386
720  10.0405
721  7.51164
722  3.42768
723  -1.83035
724  -8.82295
725  -15.0985
726  -19.8783
727  -23.0919
728  -24.0127
729  -22.7963
730  -19.1497
731  -14.8878
732  -9.71435
733  -4.84289
734  -0.687009
735  1.58791
736  3.26463
737  3.08588
738  2.31268
739  0.149453
740  -1.53033
741  -3.05937
742  -4.55672
743  -5.58805
744  -5.47773
745  -4.78199
746  -4.46057
747  -3.35493
748  -2.53006
749  -1.88052
750  -1.70013
751  -1.62558
752  -1.08073
753  -1.03032
754  -1.62334
755  -1.80636
756  -2.57397
757  -2.73019
758  -3.06413
759  -2.96378
760  -2.70385
761  -2.86291
762  -2.75109
763  -2.64229
764  -2.62462
765  -2.51167
766  -2.0861
767  -2.0165
768  -1.94255
769  -1.86911
770  -2.08608
771  -2.08753
772  -1.95082
773  -2.21702
774  -2.47654
775  -2.2018
776  -2.44881
777  -2.38918
778  -2.09445
779  -1.97505
780  -2.00875
781  -2.46168
782  -2.46797
783  -2.22603
784  -2.20797
785  -2.45386
786  -2.23178
787  -2.5383
788  -2.69587
789  -2.47568
790  -2.11269
791  -2.38947
792  -2.10212
793  -2.34594
794  -2.14918
795  -2.04077
796  -1.99855
797  -1.89867
798  -1.93162
799  -1.63807
800  -1.84315
801  -2.46673
802  -1.89908
803  -1.82755
804  -2.50409
805  -2.52139
806  -2.09251
807  -2.3412
808  -1.96835
809  -1.81675
810  -1.752
811  -1.89747
812  -1.99102
813  -1.67468
814  -1.85771
815  -1.76502
816  -1.13305
817  -1.27595
818  -1.94108
819  -1.87474
820  -1.71098
821  -1.56575
822  -1.73204
823  -2.05514
824  -2.22792
825  -2.28927
826  -2.05332
827  -2.42558
828  -1.91552
829  -1.9477
830  -1.85609
831  -1.99353
832  -1.31964
833  -1.37941
834  -1.46812
835  -1.61448
836  -1.85424
837  -1.65247
838  -1.98675
839  -2.32746
840  -1.84574
841  -1.99667
842  -1.92567
843  -1.80668
844  -1.65076
845  -1.81254
846  -2.26396
847  -1.7912
848  -1.41386
849  -1.39403
850  -1.74663
851  -1.72869
852  -1.5011
853  -1.68318
854  -1.61786
855  -1.47414
856  -1.92104
857  -1.75521
858  -1.93993
859  -1.5646
860  -1.78162
861  -1.67508
862  -2.09098
863  -2.02617
864  -1.85859
865  -1.67818
866  -1.76158
867  -1.28042
868  -1.8468
869  -2.04634
870  -1.9728
871  -1.3777
872  -1.76981
873  -1.76894
874  -1.56373
875  -2.0609
876  -2.07492
877  -1.25852
878  -1.71277
879  -1.68818
880  -1.03846
881  -1.69273
882  -1.99589
883  -1.48954
884  -1.37908
885  -1.73852
886  -1.83434
887  -1.75662
888  -1.94144
889  -2.07908
890  -1.49329
891  -1.34833
892  -1.96515
893  -1.8787
894  -2.08648
895  -1.90001
896  -1.61591
897  -1.50332
898  -1.75763
899  -1.40309
900  -2.02615
901  -1.37305
902  -1.55373
903  -1.57009
904  -1.51819
905  -1.63848
906  -1.70802
907  -1.9068
908  -2.00315
909  -2.03151
910  -1.82371
911  -2.19284
912  -2.2815
913  -1.74509
914  -1.88058
915  -2.11653
916  -1.87773
917  -1.27325
918  -1.58609
919  -1.70218
920  -1.58413
921  -1.69808
922  -1.50298
923  -1.78084
924  -1.71435
925  -1.59435
926  -1.706
927  -1.60297
928  -1.61834
929  -1.87075
930  -2.41174
931  -2.28755
932  -1.99816
933  -1.45903
934  -1.48575
935  -2.22298
936  -1.87623
937  -1.60477
938  -1.52763
939  -1.67639
940  -1.55081
941  -1.69257
942  -1.3075
943  -1.64563
944  -1.58245
945  -1.42752
946  -1.95727
947  -1.88012
948  -1.62114
949  -2.17868
950  -1.98669
951  -2.0294
952  -1.92623
953  -1.63603
954  -2.01263
955  -1.79743
956  -1.78157
957  -1.89684
958  -1.61518
959  -1.22068
960  -1.72153
961  -1.46744
962  -1.67147
963  -2.06131
964  -2.07166
965  -1.6248
966  -1.91191
967  -2.06869
968  -1.73713
969  -1.63392
970  -1.20766
971  -1.44357
972  -1.70419
973  -1.74324
974  -2.05161
975  -1.93742
976  -1.51175
977  -1.85585
978  -1.8313
979  -1.73228
980  -1.72322
981  -2.00425
982  -1.94652
983  -2.14763
984  -1.75952
985  -2.11534
986  -1.81717
987  -2.08299
988  -1.78209
989  -1.79515
990  -2.15175
991  -1.99035
992  -1.66436
993  -1.7083
994  -1.93907
995  -1.82534
996  -1.86392
997  -1.26549
998  -1.52582
999  -1.43497
1000  -1.68381
1001  -1.7328
1002  -1.80712
1003  -2.07099
1004  -1.80429
1005  -1.86638
1006  -1.74058
1007  -1.94901
1008  -1.77616
1009  -1.4087
1010  -1.5574
1011  -1.66597
1012  -1.57953
1013  -1.76765
1014  -1.68866
1015  -1.84772
1016  -1.88342
1017  -1.92682
1018  -1.47691
1019  -1.68115
1020  -1.94417
1021  -1.74061
1022  -1.73339
1023  -2.05814
1024  -1.88811
1025  -1.98499
1026  -1.97311
1027  -2.03493
1028  -2.19221
1029  -2.37088
1030  -2.32553
1031  -2.21736
1032  -2.24829
1033  -1.69419
1034  -1.80696
1035  -1.79457
1036  -1.74566
1037  -2.24609
1038  -1.90008
1039  -1.6972
1040  -2.03602
1041  -2.37418
1042  -2.63093
1043  -2.4642
1044  -2.23749
1045  -2.64478
1046  -2.89985
1047  -2.71409
1048  -2.70118
1049  -2.84766
1050  -3.29239
1051  -3.25162
1052  -3.37698
1053  -3.55428
1054  -3.93963
1055  -3.74226
1056  -3.40817
1057  -3.93851
1058  -3.72821
1059  -3.73356
1060  -3.70361
1061  -3.32539
1062  -3.71142
1063  -3.67092
1064  -3.63053
1065  -3.63908
1066  -3.88484
1067  -4.0938
1068  -4.39544
1069  -4.27067
1070  -4.14343
1071  -4.1601
1072  -3.85816
1073  -4.11771
1074  -4.12378
1075  -3.91516
1076  -3.94967
1077  -4.02197
1078  -4.21606
1079  -4.26046
1080  -3.90545
1081  -4.13152
1082  -4.00642
1083  -4.44135
1084  -4.24239
1085  -3.92041
1086  -4.02235
1087  -4.22073
1088  -4.21893
1089  -3.71296
1090  -3.62095
1091  -3.88719
1092  -4.00552
1093  -4.21627
1094  -4.14173
1095  -4.40672
1096  -4.4931
1097  -4.61573
1098  -4.70828
1099  -4.44347
1100  -4.57944
1101  -4.80199
1102  -5.1093
1103  -5.11146
1104  -4.82563
1105  -4.75199
1106  -4.52437
1107  -4.15124
1108  -4.32158
1109  -4.49163
1110  -4.26403
1111  -4.46647
1112  -4.76676
1113  -4.27934
1114  -4.39335
1115  -4.75399
1116  -4.37373
1117  -4.53823
1118  -4.37071
1119  -4.53562
1120  -4.68962
1121  -4.91745
1122  -5.46493
1123  -5.78728
1124  -6.04507
1125  -5.87632
1126  -5.81265
1127  -5.69801
1128  -5.93875
1129  -5.51995
1130  -5.25802
1131  -5.708
1132  -5.698
1133  -5.34938
1134  -5.89858
1135  -6.05732
1136  -6.49332
1137  -6.53727
1138  -6.99878
1139  -6.3399
1140  -7.30692
1141  -7.17498
1142  -7.39651
1143  -6.89973
1144  -6.58184
1145  -6.40691
1146  -6.65783
1147  -6.58555
1148  -6.59105
1149  -6.4984
1150  -5.9326
1151  -5.79213
1152  -5.62936
1153  -5.54163
1154  -5.47194
1155  -4.97464
1156  -5.09404
1157  -5.24596
1158  -4.90097
1159  -4.89009
1160  -4.80423
1161  -4.42122
1162  -4.65931
1163  -4.51292
1164  -4.41559
1165  -4.03452
1166  -3.87489
1167  -3.91924
1168  -3.59708
1169  -4.23774
1170  -4.14983
1171  -3.93318
1172  -3.73654
1173  -3.58222
1174  -3.39961
1175  -3.29649
1176  -3.28329
1177  -3.60707
1178  -3.84408
1179  -3.69541
1180  -3.43138
1181  -3.6123
1182  -3.65713
1183  -3.63387
1184  -3.42278
1185  -3.43767
1186  -3.41337
1187  -3.28735
1188  -3.26524
1189  -3.56757
1190  -3.39017
1191  -3.14423
1192  -3.04967
1193  -3.24778
1194  -3.65258
1195  -3.3471
1196  -3.29184
1197  -3.53565
1198  -3.21334
1199  -3.03231
1200  -3.39699
1201  -3.18202
1202  -2.72632
1203  -2.7651
1204  -3.16129
1205  -3.13296
1206  -2.89869
1207  -2.92452
1208  -3.19225
1209  -3.32611
1210  -3.27945
1211  -3.11444
1212  -3.36943
1213  -3.06891
1214  -2.76942
1215  -3.00162
1216  -3.10878
1217  -2.81816
1218  -2.7301
1219  -2.51722
1220  -2.90124
1221  -2.93865
1222  -2.61336
1223  -2.80063
1224  -3.07195
1225  -2.71875
1226  -2.92037
1227  -2.62745
1228  -2.38878
1229  -3.06783
1230  -2.67146
1231  -2.66328
1232  -2.80234
1233  -3.02746
1234  -2.76158
1235  -3.02067
1236  -3.22521
1237  -3.6838
1238  -3.78653
1239  -3.51938
1240  -3.40239
1241  -3.66652
1242  -3.39958
1243  -3.14755
1244  -3.01149
1245  -3.36222
1246  -3.01095
1247  -3.02173
1248  -2.84339
1249  -2.58448
1250  -2.6162
1251  -2.63677
1252  -2.96757
1253  -2.94
1254  -2.45419
1255  -2.77252
1256  -2.65753
1257  -2.25414
1258  -2.64764
1259  -2.7992
1260  -3.15518
1261  -3.15865
1262  -2.67424
1263  -3.1784
1264  -3.07606
1265  -2.84505
1266  -2.8515
1267  -3.13933
1268  -2.95799
1269  -3.127
1270  -2.84016
1271  -3.18773
1272  -2.60684
1273  -2.49039
1274  -2.80764
1275  -2.79419
1276  -2.85639
1277  -2.99616
1278  -3.07452
1279  -2.72799
1280  -2.9428
1281  -2.47446
1282  -2.67956
1283  -2.5357
1284  -2.66613
1285  -2.50579
1286  -2.67065
1287  -2.79087
1288  -2.41366
1289  -2.59985
1290  -2.74088
1291  -2.95317
1292  -2.61853
1293  -2.75108
1294  -3.14548
1295  -2.63906
1296  -2.68262
1297  -2.57989
1298  -2.8367
1299  -2.52777
1300  -2.51333
1301  -2.47673
1302  -2.48196
1303  -2.14497
1304  -2.41437
1305  -2.4897
1306  -2.64104
1307  -2.49162
1308  -2.39397
1309  -2.18423
1310  -2.1329
1311  -2.40398
1312  -2.25957
1313  -2.5687
1314  -2.79057
1315  -2.58915
1316  -2.96623
1317  -2.48517
1318  -2.32278
1319  -2.12868
1320  -2.31183
1321  -1.8505
1322  -2.39799
1323  -2.36678
1324  -2.11281
1325  -2.11048
1326  -2.14788
1327  -2.43465
1328  -2.09769
1329  -2.87036
1330  -2.43891
1331  -2.40085
1332  -2.64152
1333  -2.52488
1334  -2.7904
1335  -2.55616
1336  -2.12295
1337  -2.51418
1338  -2.16049
1339  -2.31956
1340  -2.41728
1341  -2.22835
1342  -2.23641
1343  -2.55858
1344  -2.5074
1345  -2.25356
1346  -2.36411
1347  -2.2283
1348  -2.12916
1349  -2.37176
1350  -2.34523
1351  -2.3788
1352  -2.42084
1353  -2.24469
1354  -2.18877
1355  -2.08701
1356  -2.31748
1357  -2.55276
1358  -2.48558
1359  -2.37037
1360  -2.27078
1361  -2.55566
1362  -2.6877
1363  -2.50772
1364  -2.48681
1365  -2.34923
1366  -2.41446
1367  -2.26707
1368  -2.55724
1369  -2.71573
1370  -2.34869
1371  -2.30536
1372  -1.77303
1373  -2.04122
1374  -2.16063
1375  -1.96066
1376  -2.16954
1377  -2.29533
1378  -1.6722
1379  -2.46243
1380  -2.19446
1381  -2.74095
1382  -2.1585
1383  -2.0768
1384  -2.1985
1385  -2.4915
1386  -2.59041
1387  -2.26765
1388  -2.51506
1389  -2.55937
1390  -1.96049
1391  -2.37414
1392  -2.44267
1393  -2.17506
1394  -2.26805
1395  -1.74832
1396  -2.21504
1397  -2.23079
1398  -2.46838
1399  -2.07927
1400  -1.97795
1401  -1.76835
1402  -2.32603
1403  -2.39566
1404  -2.09342
1405  -2.23779
1406  -2.58308
1407  -2.6263
1408  -2.63654
1409  -2.53791
1410  -2.76029
1411  -2.29165
1412  -2.27885
1413  -2.49303
1414  -2.52546
1415  -2.75693
1416  -2.2754
1417  -2.06731
1418  -2.28539
1419  -2.04718
1420  -1.94169
1421  -1.98099
1422  -2.47127
1423  -2.36677
1424  -2.72916
1425  -1.91679
1426  -1.95805
1427  -2.01588
1428  -2.36095
1429  -2.12853
1430  -2.13696
1431  -1.9521
1432  -2.08299
1433  -1.91234
1434  -2.34643
1435  -2.23153
1436  -2.11893
1437  -1.74321
1438  -2.01575
1439  -2.33157
1440  -2.06841
1441  -2.56207
1442  -2.35333
1443  -2.5538
1444  -2.41756
1445  -2.37797
1446  -2.68933
1447  -2.43237
1448  -2.27456
1449  -2.13807
1450  -2.2668
1451  -1.8639
1452  -2.51609
1453  -2.64071
1454  -2.13264
1455  -2.0703
1456  -2.24112
1457  -2.33069
1458  -2.17593
1459  -1.99466
1460  -2.1014
1461  -1.90967
1462  -2.22768
1463  -2.09072
1464  -1.81242
1465  -1.88397
1466  -1.79211
1467  -1.91552
1468  -2.27105
1469  -2.04813
1470  -2.01561
1471  -2.01094
1472  -2.26701
1473  -2.29409
1474  -2.27289
1475  -2.36134
1476  -1.98825
1477  -1.84427
1478  -1.9044
1479  -2.12525
1480  -1.9366
1481  -2.2615
1482  -1.83027
1483  -1.60894
1484  -1.73675
1485  -1.9227
1486  -1.95089
1487  -2.36833
1488  -2.44493
1489  -2.66791
1490  -2.57419
1491  -2.53218
1492  -2.12764
1493  -2.09221
1494  -2.35757
1495  -2.07565
1496  -2.11727
1497  -2.51137
1498  -2.08841
1499  -2.01314
1500  -2.10948
1501  -1.9634
1502  -1.96214
1503  -2.0793
1504  -2.30391
1505  -1.79384
1506  -1.74411
1507  -1.99933
1508  -2.19919
1509  -1.75694
1510  -2.18421
1511  -2.12178
1512  -1.93351
1513  -1.99853
1514  -2.19184
1515  -2.06632
1516  -1.86908
1517  -2.07517
1518  -1.94138
1519  -2.0024
1520  -2.03814
1521  -2.47575
1522  -2.18072
1523  -2.24125
1524  -2.24561
1525  -1.9664
1526  -1.66594
1527  -2.1969
1528  -1.98443
1529  -2.02243
1530  -1.96348
1531  -1.88683
1532  -1.98161
1533  -1.95443
1534  -2.04465
1535  -1.84837
1536  -2.27538
1537  -1.61817
1538  -1.96105
1539  -2.21277
1540  -2.08803
1541  -2.05116
1542  -1.8329
1543  -2.08929
1544  -1.98578
1545  -1.98314
1546  -1.7621
1547  -1.65624
1548  -1.90922
1549  -1.79764
1550  -1.79978
1551  -1.66669
1552  -1.56883
1553  -2.02629
1554  -1.84769
1555  -2.25712
1556  -2.177
1557  -1.80206
1558  -2.12864
1559  -2.22807
1560  -2.07679
1561  -2.02934
1562  -2.15581
1563  -2.15893
1564  -2.27328
1565  -2.23924
1566  -2.10618
1567  -2.10703
1568  -2.04144
1569  -1.82527
1570  -2.0038
1571  -2.33928
1572  -2.22728
1573  -2.17113
1574  -1.83933
1575  -2.16844
1576  -2.19235
1577  -1.88725
1578  -1.5415
1579  -2.10254
1580  -2.29653
1581  -1.99833
1582  -1.98979
1583  -1.93871
1584  -1.88764
1585  -2.07103
1586  -1.81948
1587  -1.94098
1588  -1.93657
1589  -1.99612
1590  -2.51009
1591  -2.56981
1592  -2.04354
1593  -2.1069
1594  -2.32128
1595  -1.9463
1596  -1.87641
1597  -1.92853
1598  -2.04063
1599  -2.12693
1600  -2.46064
1601  -2.1187
1602  -1.59339
1603  -1.82488
1604  -1.87197
1605  -1.82928
1606  -1.62592
1607  -1.37132
1608  -1.9328
1609  -2.13233
1610  -2.28307
1611  -1.99196
1612  -2.1954
1613  -2.24747
1614  -1.73597
1615  -1.99505
1616  -1.80896
1617  -2.15337
1618  -2.51312
1619  -2.11705
1620  -2.19199
1621  -2.32472
1622  -1.93961
1623  -2.70884
1624  -2.6324
1625  -1.98773
1626  -2.34126
1627  -2.37222
1628  -2.41632
1629  -2.59942
1630  -2.1044
1631  -2.228
1632  -2.19156
1633  -2.24451
1634  -2.18074
1635  -2.0994
1636  -2.23512
1637  -2.23087
1638  -2.22217
1639  -2.37523
1640  -2.23867
1641  -2.35809
1642  -1.67037
1643  -2.04646
1644  -2.20213
1645  -2.10193
1646  -2.03732
1647  -2.03491
1648  -1.74294
1649  -1.81447
1650  -2.1075
1651  -1.93051
1652  -1.86293
1653  -2.14459
1654  -1.96856
1655  -1.88015
1656  -2.18126
1657  -2.17219
1658  -2.27546
1659  -1.72973
1660  -2.17801
1661  -2.2456
1662  -1.90931
1663  -2.19325
1664  -1.98579
1665  -2.05612
1666  -2.21819
1667  -2.27151
1668  -2.07016
1669  -2.44408
1670  -2.0606
1671  -2.05574
1672  -2.01497
1673  -2.31957
1674  -1.69337
1675  -2.10218
1676  -2.28939
1677  -2.09641
1678  -1.54823
1679  -2.11955
1680  -2.43317
1681  -1.98781
1682  -2.09116
1683  -2.3093
1684  -2.11817
1685  -1.94472
1686  -2.002
1687  -2.32889
1688  -2.31619
1689  -2.25874
1690  -2.18382
1691  -2.61867
1692  -2.36106
1693  -2.20521
1694  -2.03465
1695  -2.34645
1696  -1.89286
1697  -2.09641
1698  -2.08765
1699  -2.14832
1700  -2.28982
1701  -2.39876
1702  -2.63045
1703  -3.08855
1704  -2.45887
1705  -2.59235
1706  -2.56182
1707  -2.38333
1708  -2.51537
1709  -2.35024
1710  -2.38357
1711  -2.46016
1712  -1.9509
1713  -1.97216
1714  -2.46735
1715  -2.01553
1716  -2.31702
1717  -2.58515
1718  -2.31312
1719  -2.08824
1720  -1.83998
1721  -1.94795
1722  -2.30783
1723  -2.13594
1724  -2.01647
1725  -1.7908
1726  -1.91222
1727  -2.15188
1728  -2.02136
1729  -2.04766
1730  -2.03297
1731  -2.0867
1732  -1.89883
1733  -2.1125
1734  -2.3465
1735  -1.81991
1736  -1.57512
1737  -2.4598
1738  -2.0902
1739  -2.11321
1740  -2.48907
1741  -1.62694
1742  -1.74639
1743  -1.91935
1744  -2.0162
1745  -1.91139
1746  -1.97421
1747  -1.96024
1748  -2.02136
1749  -2.28811
1750  -2.57598
1751  -1.50218
1752  -2.05377
1753  -1.96504
1754  -1.69952
1755  -1.61334
1756  -2.03612
1757  -2.01158
1758  -1.93181
1759  -1.86567
1760  -1.8565
1761  -1.83816
1762  -1.51675
1763  -1.49832
1764  -1.88101
1765  -1.7313
1766  -1.63879
1767  -1.99013
1768  -2.16259
1769  -1.96388
1770  -1.93438
1771  -1.63401
1772  -1.82957
1773  -2.18065
1774  -1.88233
1775  -2.05028
1776  -2.16823
1777  -1.48922
1778  -1.41815
1779  -1.78852
1780  -1.85429
1781  -1.91153
1782  -1.47073
1783  -1.45968
1784  -2.00768
1785  -1.73323
1786  -1.87356
1787  -1.82951
1788  -1.92757
1789  -1.65816
1790  -1.77913
1791  -1.85187
1792  -1.78488
1793  -1.85382
1794  -1.95964
1795  -1.78994
1796  -1.74624
1797  -2.39039
1798  -1.56701
1799  -1.55725
1800  -1.64519
1801  -1.69693
1802  -1.66972
1803  -2.17353
1804  -1.98891
1805  -1.70993
1806  -1.75607
1807  -2.04882
1808  -1.69091
1809  -1.88606
1810  -2.03525
1811  -1.71634
1812  -1.73182
1813  -1.9668
1814  -1.95781
1815  -1.63875
1816  -1.85874
1817  -1.95028
1818  -2.10694
1819  -1.64567
1820  -1.90519
1821  -2.46449
1822  -2.22499
1823  -1.87987
1824  -1.83286
1825  -1.64353
1826  -2.13205
1827  -2.23102
1828  -1.94255
1829  -1.29033
1830  -1.82204
1831  -2.3801
1832  -2.36178
1833  -2.33722
1834  -1.84334
1835  -2.19472
1836  -2.39029
1837  -2.17847
1838  -2.24898
1839  -1.6628
1840  -1.93377
1841  -1.93853
1842  -1.95748
1843  -2.10053
1844  -1.62185
1845  -1.63825
1846  -2.27577
1847  -1.78387
1848  -2.189
1849  -2.21585
1850  -1.75976
1851  -1.58795
1852  -1.62435
1853  -1.81627
1854  -1.9864
1855  -1.58646
1856  -1.58764
1857  -1.83708
1858  -1.85495
1859  -1.91565
1860  -2.05731
1861  -2.22263
1862  -2.02012
1863  -2.20927
1864  -2.18944
1865  -1.83252
1866  -1.93611
1867  -1.61294
1868  -1.79961
1869  -1.82147
1870  -1.62172
1871  -1.87877
1872  -1.64565
1873  -2.15194
1874  -1.95063
1875  -1.80568
1876  -1.83449
1877  -2.02361
1878  -1.85324
1879  -1.99469
1880  -1.50172
1881  -1.76871
1882  -1.97462
1883  -2.13328
1884  -2.03867
1885  -2.10185
1886  -1.8686
1887  -1.98954
1888  -1.84848
1889  -2.00358
1890  -1.94439
1891  -1.73176
1892  -1.95918
1893  -2.00524
1894  -2.22538
1895  -2.15862
1896  -1.90271
1897  -1.93514
1898  -2.17789
1899  -2.33121
1900  -2.16234
1901  -2.63104
1902  -2.32041
1903  -2.2532
1904  -2.67996
1905  -2.32193
1906  -2.34454
1907  -1.92672
1908  -1.95293
1909  -2.19805
1910  -1.67779
1911  -1.91273
1912  -2.21616
1913  -2.04022
1914  -1.93347
1915  -1.83497
1916  -1.96443
1917  -2.1368
1918  -2.03413
1919  -1.87596
1920  -1.7445
1921  -1.65048
1922  -2.06517
1923  -1.85714
1924  -2.11871
1925  -1.78886
1926  -1.65699
1927  -1.95517
1928  -1.55862
1929  -1.75473
1930  -1.97625
1931  -1.71852
1932  -1.60142
1933  -2.12611
1934  -1.99355
1935  -2.33688
1936  -1.65005
1937  -2.09198
1938  -1.71511
1939  -1.4436
1940  -1.88033
1941  -1.65928
1942  -2.11474
1943  -1.58541
1944  -1.51345
1945  -1.66387
1946  -1.718
1947  -1.94323
1948  -2.00374
1949  -1.69324
1950  -1.6049
1951  -1.86777
1952  -2.05586
1953  -1.97011
1954  -1.91976
1955  -2.2895
1956  -2.3139
1957  -1.75221
1958  -2.04195
1959  -2.10371
1960  -1.83321
1961  -1.96538
1962  -2.00645
1963  -2.32025
1964  -1.89781
1965  -1.9336
1966  -1.99624
1967  -1.56667
1968  -2.25183
1969  -1.76436
1970  -2.3259
1971  -2.01457
1972  -1.85639
1973  -2.21509
1974  -2.41665
1975  -2.14386
1976  -1.87591
1977  -1.74893
1978  -1.88764
1979  -1.74291
1980  -2.0455
1981  -1.77578
1982  -1.921
1983  -2.04631
1984  -1.84
1985  -2.01735
1986  -1.83904
1987  -1.97268
1988  -1.60284
1989  -1.65488
1990  -1.98261
1991  -1.76115
1992  -1.94097
1993  -1.75642
1994  -2.0256
1995  -1.48369
1996  -2.22143
1997  -1.82615
1998  -2.34549
1999  -2.1471
2000  -2.17116
2001  -2.64234
2002  -2.28379
2003  -2.34705
2004  -2.20327
2005  -2.15841
2006  -1.99725
2007  -2.04398
2008  -1.90864
2009  -1.94025
2010  -1.76704
2011  -1.45465
2012  -1.68759
2013  -1.99866
2014  -1.74848
2015  -1.78221
2016  -2.24045
2017  -1.75457
2018  -2.0048
2019  -1.6043
2020  -1.85862
2021  -1.59151
2022  -2.11219
2023  -2.04487
2024  -1.81812
2025  -1.66689
2026  -1.6941
2027  -1.62816
2028  -1.8567
2029  -1.78983
2030  -1.9142
2031  -1.7539
2032  -1.53262
2033  -1.50048
2034  -1.87997
2035  -1.66007
2036  -1.40747
2037  -1.68524
2038  -1.97549
2039  -1.96504
2040  -1.75411
2041  -1.80454
2042  -1.51832
2043  -1.77394
2044  -2.1734
2045  -1.87617
2046  -2.18584
2047  -2.04404
2048  -1.7773
2049  -1.60247
2050  -1.75589
2051  -1.83974
2052  -1.73358
2053  -1.58078
2054  -1.56871
2055  -1.81237
2056  -1.56512
2057  -1.60104
2058  -1.75871
2059  -1.67492
2060  -1.82759
2061  -1.52751
2062  -1.77856
2063  -1.35412
2064  -1.61588
2065  -1.76872
2066  -1.77467
2067  -1.99856
2068  -2.21247
2069  -1.78979
2070  -2.24098
2071  -2.07853
2072  -2.01897
2073  -2.28206
2074  -1.941
2075  -1.99077
2076  -1.54599
2077  -1.73527
2078  -2.2539
2079  -1.72473
2080  -2.31467
2081  -2.39502
2082  -2.40028
2083  -1.9131
2084  -1.99305
2085  -2.09166
2086  -2.19119
2087  -2.08684
2088  -2.07247
2089  -2.22661
2090  -1.74598
2091  -1.89728
2092  -2.33836
2093  -1.72104
2094  -1.88386
2095  -1.82077
2096  -1.73439
2097  -1.65988
2098  -1.58319
2099  -1.80041
2100  -1.31986
2101  -1.91307
2102  -1.66702
2103  -1.2483
2104  -1.34923
2105  -1.48152
2106  -1.92045
2107  -2.28946
2108  -2.03559
2109  -1.88298
2110  -1.86384
2111  -1.88794
2112  -1.87552
2113  -2.13238
2114  -2.02672
2115  -1.88697
2116  -2.15219
2117  -1.78688
2118  -1.61494
2119  -1.67193
2120  -1.40264
2121  -1.83605
2122  -2.19632
2123  -1.87822
2124  -2.05184
2125  -2.25771
2126  -2.16258
2127  -1.79382
2128  -2.01859
2129  -1.96068
2130  -1.68618
2131  -1.85411
2132  -1.63183
2133  -1.92248
2134  -2.00185
2135  -1.82531
2136  -1.37531
2137  -1.62737
2138  -1.39436
2139  -1.62253
2140  -1.65304
2141  -1.91227
2142  -2.13915
2143  -1.72631
2144  -1.54198
2145  -1.86064
2146  -1.74054
2147  -1.7488
2148  -1.99612
2149  -1.73284
2150  -1.64838
2151  -1.90185
2152  -1.81214
2153  -1.7064
2154  -1.46742
2155  -1.85933
2156  -1.88964
2157  -1.74168
2158  -1.58683
2159  -1.74933
2160  -1.44147
2161  -1.83677
2162  -2.17207
2163  -1.98691
2164  -1.60934
2165  -1.79088
2166  -1.91479
2167  -1.64503
2168  -1.94162
2169  -1.84662
2170  -1.95146
2171  -1.50844
2172  -1.90259
2173  -2.38599
2174  -1.93298
2175  -1.85776
2176  -1.77046
2177  -2.06153
2178  -1.85572
2179  -2.2777
2180  -1.87524
2181  -1.47824
2182  -1.95981
2183  -1.60815
2184  -1.57462
2185  -1.94865
2186  -1.9322
2187  -1.74173
2188  -1.51457
2189  -1.58888
2190  -1.84275
2191  -2.23507
2192  -1.72621
2193  -1.79976
2194  -2.13629
2195  -1.67174
2196  -1.88614
2197  -1.6568
2198  -1.62735
2199  -1.68589
2200  -1.96458
2201  -1.79033
2202  -1.70556
2203  -1.66116
2204  -1.60436
2205  -1.47186
2206  -1.99606
2207  -1.84755
2208  -1.74174
2209  -1.76577
2210  -1.64022
2211  -1.36241
2212  -1.7421
2213  -1.91156
2214  -1.73865
2215  -1.58755
2216  -1.75016
2217  -1.63629
2218  -1.64901
2219  -1.25498
2220  -1.45508
2221  -1.95813
2222  -1.5337
2223  -1.73978
2224  -1.45482
2225  -1.47044
2226  -1.72261
2227  -1.76713
2228  -1.2794
2229  -1.71502
2230  -2.15116
2231  -2.1562
2232  -2.08676
2233  -1.76601
2234  -1.69529
2235  -1.59489
2236  -1.84392
2237  -1.62254
2238  -1.67629
2239  -1.76299
2240  -1.6676
2241  -1.48129
2242  -1.88253
2243  -1.82896
2244  -1.95741
2245  -1.67194
2246  -1.59882
2247  -1.43914
2248  -1.4965
2249  -1.17128
2250  -1.37535
2251  -1.84188
2252  -1.85721
2253  -1.52052
2254  -1.48862
2255  -1.54412
2256  -1.70477
2257  -1.65185
2258  -1.77793
2259  -1.43881
2260  -1.40839
2261  -1.99223
2262  -1.61553
2263  -1.71485
2264  -1.83632
2265  -1.52634
2266  -1.51328
2267  -2.03006
2268  -1.97944
2269  -1.82637
2270  -2.19261
2271  -2.28364
2272  -2.18755
2273  -1.99133
2274  -1.80523
2275  -1.82525
2276  -1.79808
2277  -1.78143
2278  -1.85133
2279  -1.61257
2280  -1.83369
2281  -2.09335
2282  -1.6347
2283  -2.37708
2284  -1.99408
2285  -1.77593
2286  -1.80648
2287  -1.83306
2288  -1.91073
2289  -1.77124
2290  -1.6747
2291  -1.52806
2292  -1.55035
2293  -1.60202
2294  -1.9208
2295  -1.56438
2296  -1.52391
2297  -1.70871
2298  -1.65491
2299  -1.47577
2300  -1.84026
2301  -1.67144
2302  -1.93167
2303  -2.04966
2304  -1.5039
2305  -1.62804
2306  -1.76068
2307  -1.75756
2308  -1.89078
2309  -1.61396
2310  -1.37624
2311  -1.35682
2312  -1.54046
2313  -1.85444
2314  -2.10216
2315  -2.11812
2316  -1.87744
2317  -1.88717
2318  -1.80996
2319  -1.47282
2320  -1.90761
2321  -1.74588
2322  -1.71731
2323  -1.96457
2324  -1.93695
2325  -2.09718
2326  -1.89142
2327  -1.86835
2328  -2.17449
2329  -2.43919
2330  -1.68514
2331  -1.88558
2332  -1.76942
2333  -1.53688
2334  -1.37661
2335  -1.94635
2336  -1.92309
2337  -1.80059
2338  -1.26948
2339  -1.57356
2340  -1.63159
2341  -1.81733
2342  -2.13129
2343  -1.93138
2344  -1.81774
2345  -1.98897
2346  -1.9042
2347  -2.36118
2348  -1.79777
2349  -2.1104
2350  -2.06523
2351  -2.49245
2352  -2.27406
2353  -1.98893
2354  -2.14771
2355  -1.70819
2356  -1.83871
2357  -1.97052
2358  -2.18789
2359  -1.68712
2360  -1.01338
2361  -1.56097
2362  -1.59657
2363  -1.96261
2364  -1.69844
2365  -1.76232
2366  -1.56821
2367  -1.59047
2368  -1.48534
2369  -1.53161
2370  -1.89751
2371  -1.78874
2372  -1.80161
2373  -1.33645
2374  -1.7124
2375  -1.6276
2376  -1.90131
2377  -1.94658
2378  -1.46987
2379  -1.72792
2380  -1.37179
2381  -1.76535
2382  -1.7225
2383  -1.80596
2384  -1.46946
2385  -1.69984
2386  -1.79665
2387  -2.0024
2388  -1.86555
2389  -1.88576
2390  -1.71029
2391  -2.10174
2392  -1.68138
2393  -1.29453
2394  -1.81327
2395  -1.65401
2396  -1.71291
2397  -1.52991
2398  -1.83687
2399  -1.51621
2400  -1.51497
2401  -1.64343
2402  -1.37243
2403  -1.61096
2404  -1.63697
2405  -1.68884
2406  -1.04536
2407  -1.19848
2408  -2.07693
2409  -1.93244
2410  -1.6907
2411  -1.9636
2412  -1.30214
2413  -1.68119
2414  -1.48037
2415  -1.4437
2416  -1.90041
2417  -1.74715
2418  -1.82438
2419  -2.20677
2420  -2.07632
2421  -2.00466
2422  -2.43353
2423  -2.42155
2424  -2.59468
2425  -2.18719
2426  -2.37869
2427  -1.81467
2428  -1.78663
2429  -2.05951
2430  -1.74631
2431  -1.37037
2432  -1.89178
2433  -1.56461
2434  -1.53535
2435  -1.69466
2436  -1.55711
2437  -1.68278
2438  -1.61947
2439  -1.98342
2440  -2.08842
2441  -1.77447
2442  -1.95268
2443  -1.7143
2444  -1.63295
2445  -1.40494
2446  -1.68275
2447  -1.81993
2448  -1.76428
2449  -2.1382
2450  -2.33598
2451  -1.88433
2452  -1.96741
2453  -1.79509
2454  -1.79448
2455  -1.65379
2456  -1.70993
2457  -1.59861
2458  -1.89451
2459  -1.50241
2460  -1.68011
2461  -1.68543
2462  -1.48513
2463  -1.87975
2464  -1.66423
2465  -2.00001
2466  -1.70247
2467  -1.64223
2468  -1.88224
2469  -1.73238
2470  -1.67837
2471  -1.97594
2472  -1.5771
2473  -1.6944
2474  -1.60834
2475  -1.35455
2476  -1.67783
2477  -1.77136
2478  -1.65891
2479  -1.54437
2480  -1.68194
2481  -1.42085
2482  -1.39361
2483  -1.39062
2484  -1.67079
2485  -1.40381
2486  -1.75308
2487  -1.65708
2488  -1.86855
2489  -1.90567
2490  -2.13266
2491  -2.18703
2492  -2.37126
2493  -2.59577
2494  -2.49716
2495  -2.58696
2496  -2.70624
2497  -2.51326
2498  -2.23735
2499  -2.02461
