0  0.316312
1  -0.472187
2  -0.149692
3  -0.641791
4  0.0719066
5  -0.155873
6  -0.239467
7  -0.0604007
8  -0.152517
9  0.00778907
10  0.0359568
11  0.368037
12  -0.110387
13  -0.305606
14  -0.239984
15  -0.376196
16  -0.333064
17  -0.0802174
18  -0.149864
19  -0.252248
20  -0.284405
21  -0.137766
22  -0.4084
23  -0.0814507
24  -0.0474011
25  -0.118495
26  0.128504
27  -0.104461
28  -0.0564608
29  0.0686855
30  -0.156452
31  -0.521255
32  -0.181612
33  -0.0190261
34  0.241641
35  -0.250925
36  -0.0894905
37  0.0832358
38  0.227289
39  0.178633
40  -0.245941
41  0.0372813
42  -0.281584
43  -0.33348
44  -0.00669855
45  -0.371178
46  0.0496328
47  -0.050628
48  -0.396303
49  0.180704
50  0.353945
51  0.279805
52  0.159867
53  -0.224552
54  -0.200377
55  -0.226596
56  -0.0432071
57  0.519637
58  0.108864
59  0.0776113
60  -0.189035
61  0.154836
62  0.144844
63  -0.00810188
64  -0.174748
65  -0.0153447
66  -0.0490762
67  0.00765381
68  -0.262741
69  -0.0920012
70  -0.274442
71  0.0624079
72  -0.0648506
73  -0.172276
74  -0.156839
75  -0.00979367
76  0.136996
77  -0.255258
78  0.0519619
79  0.0227479
80  -0.0788221
81  0.183632
82  0.0705413
83  0.0905505
84  -0.24189
85  0.433066
86  0.141224
87  -0.0384409
88  -0.222334
89  0.271688
90  0.0371718
91  0.371777
92  0.0913635
93  -0.0509441
94  -0.307222
95  0.247176
96  0.187342
97  0.174748
98  -0.0187571
99  -0.314763
100  0.0230996
101  -0.0577646
102  -0.147362
103  0.471688
104  0.0538696
105  0.225667
106  0.251719
107  -0.0777754
108  0.334833
109  0.0304274
110  -0.28376
111  -0.101759
112  0.152475
113  -0.528376
114  -0.00840001
115  -0.106362
116  0.0592524
117  0.203182
118  0.394062
119  0.350412
120  -0.0345219
121  -0.250638
122  -0.111117
123  0.383859
124  0.281539
125  -0.0627463
126  -0.432571
127  -0.0221576
128  0.268661
129  -0.26951
130  -0.395467
131  0.0529098
132  0.29555
133  0.154213
134  0.0844105
135  0.476777
136  -0.233471
137  -0.138369
138  -0.373776
139  -0.127414
140  0.0551053
141  -0.101128
142  0.244822
143  -0.39504
144  -0.2511
145  -0.0576321
146  -0.1233
147  -0.0138173
148  -0.0124507
149  0.0169923
150  -0.126305
151  0.258725
152  0.448948
153  -0.0622769
154  -0.149892
155  -0.0913343
156  -0.289312
157  -0.0521746
158  0.215236
159  -0.141554
160  -0.466532
161  -0.298896
162  0.115396
163  -0.132524
164  -0.100592
165  -0.413625
166  -0.0174369
167  0.112793
168  0.128076
169  0.643876
170  0.269887
171  0.173699
172  -0.153657
173  0.246221
174  0.318311
175  0.168531
176  0.196294
177  -0.309593
178  -0.11927
179  0.092541
180  -0.00703363
181  0.206106
182  0.175458
183  0.283435
184  0.153124
185  0.313421
186  -0.138527
187  -0.291211
188  -0.0961762
189  0.18698
190  0.411376
191  -0.097174
192  -0.282994
193  0.0712013
194  0.242406
195  -0.105833
196  -0.0134532
197  0.0655071
198  -0.139404
199  0.0904853
200  -0.0742891
201  0.237495
202  0.118109
203  0.348955
204  0.0338635
205  0.0691491
206  0.196181
207  0.370727
208  0.399074
209  0.246043
210  0.200192
211  0.11419
212  -0.399875
213  -0.186588
214  -0.129614
215  0.238839
216  -0.123321
217  -0.290479
218  -0.112978
219  -0.176364
220  0.189338
221  -0.0957389
222  0.121488
223  -0.263074
224  -0.366196
225  -0.268686
226  0.267043
227  0.0158407
228  0.311597
229  0.382825
230  0.416661
231  -0.161762
232  -0.0773939
233  -0.0132106
234  0.328894
235  0.0695537
236  0.107076
237  0.351821
238  -0.0573367
239  -0.351677
240  0.196658
241  0.0734275
242  0.0830353
243  0.0484018
244  -0.11124
245  0.237722
246  0.160559
247  -0.217502
248  -0.134262
249  -0.211114
250  -0.0429199
251  -0.371446
252  -0.368509
253  0.426926
254  -0.107989
255  -0.604603
256  0.0771528
257  0.00528236
258  -0.242682
259  -0.279685
260  -0.566111
261  0.0674992
262  -0.0578459
263  0.170248
264  -0.239825
265  -0.150658
266  -0.238935
267  -0.0918721
268  -0.0163197
269  -0.684854
270  -0.464264
271  -0.122003
272  -0.0193195
273  -0.0493337
274  -0.246701
275  0.379691
276  0.0627984
277  -0.161401
278  -0.200351
279  -0.146082
280  -0.147017
281  -0.0670468
282  -0.169958
283  0.049126
284  0.288126
285  0.262783
286  0.114542
287  0.649112
288  0.281121
289  0.245333
290  -0.156222
291  0.42596
292  0.334646
293  0.440533
294  0.00612639
295  -0.115537
296  0.0754592
297  0.128393
298  0.146458
299  0.378599
300  -0.153751
301  0.138613
302  0.256482
303  0.317036
304  -0.282209
305  -0.48939
306  -0.0597732
307  0.054197
308  0.371119
309  -0.172092
310  -0.0672097
311  0.353032
312  0.454485
313  0.0399486
314  0.349134
315  0.00439796
316  -0.107345
317  -0.129204
318  -0.297957
319  0.302152
320  -0.000273261
321  -0.313724
322  0.0284267
323  -0.132803
324  0.334358
325  0.0919562
326  0.227383
327  0.211157
328  0.329489
329  -0.87345
330  -0.493055
331  0.076543
332  -0.0577005
333  -0.261714
334  0.0657039
335  -0.345307
336  0.100896
337  -0.0830407
338  0.219983
339  0.150371
340  0.14335
341  -0.0304169
342  -0.231299
343  -0.351349
344  0.0242278
345  0.332918
346  0.278311
347  0.279323
348  0.162022
349  -0.332385
350  -0.390852
351  0.150497
352  0.166057
353  0.451387
354  -0.137114
355  0.552379
356  0.100978
357  -0.28893
358  0.0275069
359  -0.00369629
360  0.198697
361  0.264537
362  0.0978624
363  0.262338
364  -0.222583
365  -0.00105831
366  0.0308516
367  0.248932
368  0.205702
369  0.245496
370  0.202018
371  0.0564979
372  0.444804
373  0.114145
374  -0.203386
375  0.00999928
376  0.520319
377  0.0265871
378  0.194225
379  -0.0867122
380  0.0391754
381  -0.202426
382  0.139316
383  0.042524
384  0.206316
385  -0.0552173
386  0.108421
387  0.0374663
388  0.156845
389  -0.555346
390  -0.0307285
391  -0.180522
392  -0.0579225
393  -0.308519
394  0.297154
395  0.066154
396  0.241983
397  0.415195
398  -0.284084
399  -0.370689
400  0.158998
401  0.0115278
402  0.0209247
403  -0.0353408
404  0.00183147
405  -0.494262
406  0.336349
407  0.0900068
408  0.181644
409  0.104106
410  -0.217696
411  0.137518
412  0.196017
413  -0.0376717
414  -0.0453851
415  0.0360355
416  -0.231909
417  -0.05688
418  -0.0313298
419  -0.30272
420  -0.028108
421  0.171201
422  0.390578
423  -0.0919057
424  -0.197595
425  0.545707
426  0.280254
427  -0.213943
428  -0.0274479
429  0.137004
430  0.110112
431  0.0468017
432  -0.510243
433  0.0380304
434  -0.0835415
435  -0.534042
436  0.175981
437  0.0504104
438  0.0571552
439  0.10993
440  -0.0228417
441  -0.330482
442  -0.130924
443  -0.0697469
444  -0.170172
445  0.155311
446  -0.409383
447  -0.246738
448  0.183067
449  0.0707776
450  -0.0416842
451  0.141947
452  0.0398492
453  0.0830893
454  0.169756
455  -0.0684751
456  -0.185708
457  -0.117278
458  -0.111684
459  0.000265997
460  0.130941
461  0.184542
462  -0.238411
463  -0.03779
464  0.0883813
465  -0.0459114
466  0.306157
467  -0.476837
468  -0.364567
469  0.208664
470  0.452199
471  0.248726
472  0.142195
473  -0.103004
474  0.112707
475  0.350948
476  0.357397
477  -0.0243148
478  -0.183621
479  0.0261253
480  -0.275118
481  -0.354018
482  -0.57118
483  -0.388237
484  -0.52381
485  -0.423049
486  -0.472591
487  -0.601453
488  -0.791389
489  -0.931553
490  -1.07803
491  -1.36598
492  -2.36555
493  -3.65738
494  -7.2704
495  -15.6134
496  -36.1202
497  -82.7109
498  -171.175
499  -320.51
500  -535.845
501  -794.404
502  -1058.38
503  -1299.06
504  -1493.09
505  -1628.93
506  -1708.99
507  -1740.35
508  -1734.41
509  -1701.83
510  -1652.16
511  -1589.4
512  -1513.88
513  -1424.8
514  -1323.25
515  -1211.96
516  -1096.87
517  -984.525
518  -879.585
519  -784.529
520  -699.271
521  -622.861
522  -554.479
523  -491.827
524  -436.04
525  -385.364
526  -340.548
527  -301.87
528  -268.381
529  -238.677
530  -213.42
531  -191.766
532  -173.285
533  -157.176
534  -143.412
535  -131.555
536  -121.625
537  -113.489
538  -106.467
539  -100.741
540  -96.036
541  -92.6461
542  -90.8268
543  -88.5169
544  -86.4137
545  -83.4575
546  -80.496
547  -76.9521
548  -74.8772
549  -72.7137
550  -70.3991
551  -68.8223
552  -67.2361
553  -65.9688
554  -64.7604
555  -63.0245
556  -61.7591
557  -60.0529
558  -57.5114
559  -55.579
560  -53.4452
561  -50.4392
562  -48.3532
563  -46.0715
564  -44.0406
565  -42.8846
566  -42.9455
567  -41.9974
568  -41.7487
569  -42.0365
570  -42.0605
571  -41.822
572  -41.6297
573  -41.3192
574  -40.4085
575  -39.6094
576  -37.9209
577  -37.0258
578  -35.686
579  -34.5918
580  -33.1861
581  -32.2955
582  -31.0564
583  -30.5805
584  -30.0446
585  -28.8488
586  -27.961
587  -28.1663
588  -27.4489
589  -26.144
590  -24.7193
591  -23.2844
592  -22.3845
593  -21.6625
594  -21.4846
595  -21.0255
596  -21.2245
597  -21.2089
598  -20.8421
599  -20.2516
600  -19.6544
601  -19.2532
602  -18.471
603  -18.0087
604  -18.2758
605  -18.6174
606  -18.9343
607  -19.5395
608  -19.8531
609  -20.3705
610  -20.715
611  -21.1639
612  -21.024
613  -21.0833
614  -21.1563
615  -21.4775
616  -21.9533
617  -21.7653
618  -22.0835
619  -21.8379
620  -22.0956
621  -22.0083
622  -22.1311
623  -22.6171
624  -22.9718
625  -22.5063
626  -21.452
627  -20.6358
628  -20.5471
629  -20.0618
630  -20.3739
631  -21.1431
632  -23.3977
633  -26.0628
634  -28.3879
635  -31.3945
636  -35.366
637  -39.1482
638  -43.1433
639  -46.0853
640  -47.7805
641  -48.2306
642  -47.6694
643  -46.4533
644  -44.7016
645  -42.3215
646  -40.5329
647  -38.4162
648  -35.8636
649  -33.1782
650  -30.4476
651  -28.1165
652  -25.7219
653  -23.0349
654  -21.0987
655  -18.9348
656  -17.1321
657  -16.099
658  -15.1511
659  -14.0796
660  -13.2207
661  -12.436
662  -11.0634
663  -10.4413
664  -9.35904
665  -9.02137
666  -8.45019
667  -7.69705
668  -7.72081
669  -7.66057
670  -8.0436
671  -7.6074
672  -7.70847
673  -7.65229
674  -7.25953
675  -7.50609
676  -7.91687
677  -7.51683
678  -7.30445
679  -7.00771
680  -7.49335
681  -6.93978
682  -6.93244
683  -6.84477
684  -6.98807
685  -7.32497
686  -7.36452
687  -6.79574
688  -8.26913
689  -7.96384
690  -7.70002
691  -7.73492
692  -7.89504
693  -8.30035
694  -7.8857
695  -7.78632
696  -7.87657
697  -8.04318
698  -8.58882
699  -8.304
700  -8.35604
701  -8.4049
702  -8.15261
703  -8.06471
704  -7.83458
705  -7.98225
706  -6.9998
707  -6.9269
708  -6.20614
709  -5.8047
710  -5.74224
711  -5.37396
712  -5.17714
713  -4.85818
714  -4.38007
715  -4.69038
716  -4.7485
717  -5.36366
718  -4.89774
719  -4.70008
720  -4.7121
721  -4.63784
722  -4.65532
723  -5.12161
724  -5.08535
725  -4.95367
726  -5.15226
727  -5.32347
728  -5.27095
729  -5.78281
730  -5.90766
731  -6.1798
732  -6.90189
733  -8.11859
734  -9.93932
735  -12.9297
736  -16.6143
737  -20.9744
738  -25.5578
739  -30.23
740  -34.7374
741  -38.6446
742  -41.3269
743  -43.8275
744  -45.6705
745  -47.0838
746  -46.9892
747  -46.5232
748  -46.4196
749  -45.1336
750  -44.0307
751  -42.0278
752  -40.2408
753  -38.6159
754  -37.5203
755  -36.6017
756  -36.0506
757  -35.5019
758  -34.5072
759  -32.9633
760  -31.3313
761  -28.7168
762  -25.5509
763  -22.3197
764  -18.8076
765  -14.7993
766  -11.4381
767  -8.88047
768  -5.77619
769  -3.06164
770  -0.6564
771  1.62795
772  3.96651
773  5.95397
774  7.50792
775  8.70602
776  9.07477
777  9.41052
778  9.52721
779  9.63468
780  9.54686
781  9.53099
782  9.63372
783  8.89517
784  8.78172
785  8.87357
786  8.55474
787  8.01642
788  7.86245
789  8.13182
790  8.0681
791  7.34997
792  6.72569
793  6.49434
794  6.37021
795  6.09143
796  5.74516
797  6.13758
798  5.9454
799  5.5351
800  5.63104
801  5.83823
802  5.79233
803  5.37853
804  5.15239
805  4.80436
806  5.20885
807  4.8399
808  4.477
809  4.4009
810  4.43841
811  4.62871
812  4.11011
813  4.29548
814  4.14261
815  3.92255
816  4.04264
817  3.58479
818  3.37513
819  3.39596
820  3.6437
821  3.31244
822  3.55108
823  3.11997
824  3.4453
825  2.61551
826  2.9409
827  2.97796
828  2.4833
829  3.00627
830  2.43581
831  3.13973
832  2.68287
833  2.42296
834  3.09322
835  2.55213
836  2.77965
837  2.64863
838  2.35895
839  2.61914
840  2.78218
841  3.0467
842  2.02171
843  1.99929
844  2.12124
845  2.27875
846  2.03945
847  2.19253
848  1.88221
849  2.01643
850  1.91583
851  1.75095
852  2.25038
853  2.06215
854  1.75271
855  1.47196
856  1.68108
857  1.73303
858  1.81653
859  1.19194
860  0.963133
861  0.607037
862  0.75266
863  1.40065
864  1.03686
865  1.01216
866  1.17088
867  0.815329
868  0.667351
869  0.735343
870  0.468742
871  0.346324
872  0.0875915
873  -0.0239897
874  0.120141
875  -0.48145
876  -0.438171
877  -0.479072
878  -0.836504
879  -0.360116
880  -0.464543
881  -0.897198
882  -0.406762
883  -0.393847
884  -0.377038
885  -0.519235
886  -0.138025
887  -0.241221
888  -0.530438
889  0.248345
890  0.236666
891  0.0759601
892  -0.215536
893  -0.140411
894  0.0929826
895  0.100272
896  0.356393
897  0.745368
898  0.573999
899  0.720842
900  0.379316
901  0.92175
902  0.839544
903  1.20607
904  1.06876
905  1.31424
906  1.33658
907  1.54852
908  1.36646
909  1.21353
910  1.35412
911  1.23791
912  1.51184
913  1.47019
914  1.2278
915  1.28647
916  1.14531
917  1.28684
918  1.46859
919  1.53118
920  1.08155
921  0.958561
922  1.4596
923  1.11554
924  0.653346
925  0.602484
926  0.941338
927  0.718141
928  0.988032
929  0.541865
930  0.756327
931  1.12579
932  0.575149
933  0.636689
934  0.753791
935  0.555752
936  0.762949
937  0.907739
938  0.521949
939  0.479723
940  0.493536
941  0.416107
942  0.480849
943  0.650605
944  0.379502
945  0.755485
946  0.525231
947  0.643374
948  0.681282
949  0.668448
950  0.349725
951  0.691977
952  0.967978
953  0.622821
954  0.299291
955  0.323364
956  0.371554
957  0.480336
958  0.321031
959  0.371447
960  0.0786727
961  0.455046
962  0.596893
963  0.98608
964  0.510703
965  0.536184
966  0.277277
967  0.518581
968  0.681035
969  0.692586
970  0.264632
971  0.088856
972  -0.447726
973  -0.10529
974  -0.156085
975  -0.312652
976  -0.327856
977  -0.145531
978  -0.360227
979  -0.504766
980  -0.55892
981  -0.559401
982  -0.741839
983  -0.767419
984  -1.17312
985  -0.852857
986  -0.679682
987  -1.04613
988  -1.01027
989  -0.977402
990  -0.531288
991  -0.364885
992  -0.959251
993  -0.785602
994  -1.10635
995  -1.20131
996  -0.717123
997  -0.573121
998  -0.333891
999  -0.735365
1000  -0.521386
1001  -0.613319
1002  0.034016
1003  -0.153222
1004  -0.0421856
1005  -0.0735372
1006  0.207853
1007  0.28209
1008  -0.0926016
1009  0.183453
1010  0.507141
1011  0.606114
1012  0.838325
1013  0.779016
1014  0.333591
1015  0.300003
1016  0.721988
1017  1.22669
1018  0.876751
1019  1.27343
1020  1.11405
1021  1.06351
1022  1.11345
1023  1.15134
1024  0.786155
1025  0.803773
1026  1.06769
1027  0.903555
1028  1.30431
1029  0.616641
1030  1.19146
1031  0.609047
1032  0.733144
1033  0.816704
1034  0.694105
1035  0.785115
1036  0.720767
1037  0.43166
1038  0.272413
1039  0.0896499
1040  0.302756
1041  0.427418
1042  0.55678
1043  0.73387
1044  0.53633
1045  0.838879
1046  0.45553
1047  0.620938
1048  0.629593
1049  0.423589
1050  0.469816
1051  0.176181
1052  0.0952203
1053  0.429706
1054  0.610527
1055  0.625037
1056  0.707192
1057  0.502634
1058  0.739088
1059  0.306588
1060  0.0071365
1061  0.283985
1062  0.742951
1063  0.214948
1064  0.362648
1065  0.498785
1066  0.598212
1067  0.447672
1068  0.348415
1069  0.125875
1070  0.588051
1071  0.418845
1072  0.378241
1073  -0.182062
1074  0.502619
1075  0.653365
1076  0.284821
1077  -0.290057
1078  -0.130865
1079  0.483511
1080  0.0717609
1081  0.018747
1082  0.215695
1083  0.357805
1084  -0.055308
1085  0.452233
1086  0.16423
1087  0.157949
1088  0.0719766
1089  -0.00747565
1090  -0.0642652
1091  0.111487
1092  0.131607
1093  0.0891707
1094  -0.234894
1095  0.189307
1096  0.24117
1097  0.118462
1098  -0.197769
1099  0.306327
1100  0.400235
1101  0.150532
1102  0.0650888
1103  -0.549803
1104  0.605123
1105  -0.114716
1106  0.139521
1107  -0.0213312
1108  0.230993
1109  -0.000792691
1110  -0.0798247
1111  -0.0290298
1112  -0.00148517
1113  -0.104213
1114  -0.312912
1115  0.397364
1116  0.218241
1117  -0.046208
1118  0.00752407
1119  0.0315011
1120  -0.0478824
1121  0.276499
1122  0.0176337
1123  0.380417
1124  0.384504
1125  -0.295675
1126  0.309012
1127  0.162831
1128  0.0156411
1129  0.216999
1130  -0.0774507
1131  -0.0322246
1132  -0.214261
1133  0.484984
1134  -0.0064684
1135  0.119257
1136  -0.157273
1137  -0.125894
1138  0.0715213
1139  0.252274
1140  0.0551376
1141  -0.259749
1142  -0.448791
1143  -0.267616
1144  -0.190136
1145  -0.401926
1146  -0.236357
1147  -0.15594
1148  0.228771
1149  0.0193992
1150  0.31066
1151  0.257112
1152  0.383449
1153  0.0218089
1154  0.214053
1155  0.0792726
1156  0.25233
1157  0.116398
1158  0.100131
1159  -0.16281
1160  0.0444431
1161  0.138115
1162  -0.0675918
1163  0.189269
1164  0.2085
1165  0.228016
1166  0.167817
1167  0.012372
1168  0.130456
1169  -0.194824
1170  0.317763
1171  0.191468
1172  0.0627916
1173  -0.325763
1174  0.165734
1175  -0.174601
1176  -0.525766
1177  -0.313151
1178  -0.274785
1179  -0.227
1180  -0.228609
1181  -0.224844
1182  -0.374096
1183  -0.340872
1184  -0.25993
1185  -0.265266
1186  -0.51931
1187  -0.430385
1188  -0.540111
1189  -0.439473
1190  -0.276058
1191  -0.480668
1192  -0.255854
1193  -0.363473
1194  -0.622424
1195  -0.418263
1196  -0.307715
1197  -0.16041
1198  -0.476801
1199  -0.257921
1200  -0.546313
1201  -0.0905484
1202  0.0408189
1203  -0.574007
1204  -0.297874
1205  -0.145309
1206  -0.255094
1207  -0.0728089
1208  -0.804062
1209  -0.627676
1210  -0.126758
1211  -0.119449
1212  -0.461735
1213  -0.0906872
1214  -0.463005
1215  -0.0651041
1216  -0.214723
1217  -0.0785613
1218  0.184301
1219  -0.552809
1220  -0.268886
1221  -0.635412
1222  -0.525656
1223  -0.589272
1224  -0.807868
1225  -0.728551
1226  -0.652386
1227  -0.573054
1228  -0.218404
1229  0.0409953
1230  -0.59759
1231  -0.439417
1232  -0.391401
1233  -0.368727
1234  -0.273293
1235  -0.272831
1236  -0.534701
1237  -0.451019
1238  -0.563687
1239  -0.796248
1240  -0.772212
1241  -0.588634
1242  -0.628714
1243  -0.626357
1244  -0.828636
1245  -0.703589
1246  -0.91272
1247  -0.441516
1248  -0.464838
1249  -0.505371
