0  -0.0430206
1  -0.224122
2  -0.0766413
3  -0.152124
4  -0.200821
5  0.363521
6  -0.207191
7  -0.15962
8  0.189251
9  0.272858
10  0.0787129
11  0.0935968
12  0.184619
13  0.106354
14  0.239812
15  -0.0141076
16  -0.249371
17  0.118864
18  -0.0633168
19  0.308235
20  0.158375
21  0.115731
22  -0.0367808
23  0.0578456
24  0.186081
25  -0.0821441
26  -0.0840062
27  -0.0514515
28  0.0330941
29  6.13466e-05
30  -0.227735
31  -0.0166838
32  0.187098
33  -0.12426
34  0.370819
35  0.252648
36  -0.0777554
37  -0.175382
38  0.134863
39  0.0205002
40  0.0817739
41  0.547746
42  0.0694295
43  -0.320405
44  0.177982
45  -0.188894
46  0.156767
47  0.208282
48  0.414704
49  -0.237251
50  -0.416839
51  -0.424563
52  0.153525
53  0.127916
54  -0.205919
55  -0.376607
56  -0.157262
57  -0.069543
58  -0.133691
59  -0.272438
60  0.145065
61  -0.245534
62  -0.32311
63  -0.0865132
64  -0.294143
65  -0.403458
66  -0.0966527
67  -0.00656876
68  -0.0447168
69  0.0324662
70  -0.0439703
71  0.1167
72  0.450356
73  -0.0423197
74  -0.0313606
75  0.43813
76  0.146154
77  0.084415
78  -0.128256
79  -0.343521
80  -0.219808
81  -0.275676
82  -0.125029
83  -0.229489
84  0.175948
85  -0.16514
86  -0.217302
87  0.0217054
88  -0.0597322
89  -0.157785
90  0.0907858
91  -0.18487
92  -0.373822
93  0.00360775
94  -0.173418
95  0.0721262
96  -0.145026
97  -0.198302
98  0.134955
99  -0.21309
100  -0.081803
101  0.254522
102  -0.0831292
103  0.269403
104  0.619525
105  0.193672
106  0.108684
107  0.304707
108  -0.468664
109  -0.0903897
110  -0.0758686
111  -0.0660924
112  -0.226397
113  0.0808997
114  0.357864
115  0.276308
116  -0.199275
117  0.0944678
118  -0.085747
119  0.454332
120  -0.0463704
121  -0.529908
122  -0.0984677
123  0.516056
124  0.0480749
125  0.0329011
126  0.0786947
127  0.198576
128  -0.196388
129  0.0794341
130  0.155008
131  -0.0744367
132  -0.00406859
133  0.16787
134  0.232546
135  -0.28132
136  -0.0404771
137  0.354858
138  0.0902983
139  0.0187414
140  0.023204
141  0.074473
142  0.06964
143  0.188924
144  0.152145
145  0.195636
146  -0.0667465
147  0.341533
148  0.156525
149  0.169252
150  0.318825
151  0.0885053
152  -0.284417
153  0.022824
154  0.0149059
155  0.336989
156  -0.0992883
157  -0.0129961
158  -0.294934
159  -0.102299
160  -0.204234
161  -0.179533
162  0.315356
163  0.205654
164  -0.0858314
165  -0.00689553
166  0.439492
167  0.0489026
168  0.168015
169  0.0723661
170  0.0587425
171  0.151995
172  0.300154
173  -0.0144536
174  0.37909
175  -0.0305858
176  -0.234642
177  0.108815
178  -0.0985455
179  -0.259359
180  0.0162394
181  -0.169839
182  -0.0962631
183  0.0664839
184  0.369293
185  0.013446
186  0.16841
187  -0.0938016
188  -0.159966
189  -0.211711
190  0.234534
191  -0.336954
192  0.161341
193  -0.0999214
194  -0.225501
195  -0.0127459
196  0.0600489
197  0.249726
198  0.15768
199  -0.139413
200  0.207468
201  -0.0940266
202  -0.114019
203  0.385824
204  0.197369
205  -0.0416992
206  -0.00996483
207  -0.0688619
208  -0.109393
209  -0.0615628
210  0.340979
211  -0.324392
212  -0.0354749
213  -0.0225088
214  0.0337078
215  -0.0552984
216  0.538644
217  0.0342344
218  0.246647
219  0.388907
220  0.412743
221  0.0940175
222  0.132529
223  -0.0609925
224  0.0312756
225  -0.0281723
226  -0.122106
227  0.161021
228  -0.033875
229  -0.0934388
230  0.0805004
231  0.056626
232  0.0546597
233  0.158124
234  0.00984979
235  0.22262
236  -0.204111
237  -0.0950112
238  -0.0275337
239  -0.112599
240  0.143127
241  0.0857327
242  -0.106457
243  -0.331947
244  0.048566
245  -0.0430203
246  0.107477
247  0.164931
248  0.207538
249  -0.262294
250  0.034854
251  -0.350708
252  0.0380806
253  0.202725
254  0.17746
255  0.107113
256  -0.498456
257  -0.115062
258  0.486011
259  -0.316183
260  -0.163488
261  0.501615
262  -0.252356
263  0.160992
264  -0.135154
265  -0.407086
266  -0.250634
267  -0.0708953
268  0.0150966
269  0.0378864
270  0.0747542
271  0.0178024
272  0.0375042
273  -0.228711
274  -0.237835
275  0.120715
276  0.186036
277  0.0974233
278  -0.0450191
279  -0.0612337
280  0.123043
281  0.152246
282  0.141637
283  -0.0792679
284  -0.115081
285  -0.335309
286  -0.244343
287  0.0941605
288  -0.154733
289  -0.0793203
290  0.530479
291  -0.123265
292  -0.0408325
293  0.0225928
294  0.0202978
295  -0.181891
296  0.00628716
297  0.463868
298  0.165521
299  -0.419764
300  -0.507385
301  0.186748
302  0.02615
303  0.238756
304  -0.119705
305  -0.524005
306  0.297839
307  -0.324394
308  0.141215
309  0.321821
310  -0.146863
311  -0.197887
312  -0.0915154
313  0.03588
314  -0.00863839
315  0.303351
316  -0.259205
317  -0.112798
318  0.193355
319  0.10561
320  0.126034
321  -0.276861
322  -0.12008
323  -0.149575
324  -0.2511
325  -0.345745
326  -0.263936
327  -0.0552729
328  -0.133811
329  -0.355493
330  0.267633
331  0.266044
332  0.486357
333  0.0485039
334  0.136208
335  0.191702
336  0.0162269
337  0.0300852
338  -0.327263
339  -0.4072
340  -0.118708
341  -0.0893932
342  -0.149483
343  -0.101617
344  0.0393181
345  -0.0964798
346  -0.276411
347  0.0871857
348  -0.104363
349  0.221506
350  0.0192687
351  -0.192745
352  0.109131
353  -0.0311197
354  -0.01411
355  0.186928
356  -0.227262
357  0.156453
358  0.0747548
359  -0.231452
360  -0.0877738
361  0.213046
362  -0.0638378
363  0.0445247
364  0.0634296
365  0.0278134
366  0.0847723
367  -0.125049
368  -0.0724257
369  0.281634
370  0.0440255
371  -0.0387224
372  0.200437
373  0.164549
374  -0.223822
375  -0.115795
376  0.0447784
377  -0.00490258
378  0.0350859
379  -0.112916
380  0.117651
381  0.0348571
382  0.0345894
383  -0.363037
384  -0.0476646
385  -0.150655
386  -0.400513
387  -0.0352257
388  0.0120401
389  -0.139878
390  0.151577
391  -0.253055
392  -0.0237886
393  0.0825626
394  0.023409
395  -0.217269
396  -0.130322
397  -0.0787291
398  -0.187846
399  -0.244637
400  0.15739
401  0.0122998
402  0.0701476
403  0.132196
404  0.130612
405  -0.202858
406  0.0475669
407  0.150108
408  0.0882683
409  -0.425354
410  0.0591284
411  0.0606968
412  -0.406114
413  -0.446311
414  -0.418693
415  0.145161
416  -0.33558
417  -0.099213
418  0.0253879
419  0.135668
420  -0.0241624
421  0.114643
422  0.0136572
423  0.00616109
424  0.0979354
425  0.247474
426  0.188612
427  -0.100021
428  -0.34189
429  -0.0953958
430  -0.366667
431  -0.296781
432  -0.171575
433  0.0498332
434  -0.244181
435  0.132454
436  0.075356
437  -0.305672
438  -0.372722
439  -0.213092
440  0.111616
441  0.0490856
442  -0.481386
443  -0.392699
444  0.190196
445  -0.0748579
446  -0.464646
447  0.0483834
448  -0.252122
449  -0.014463
450  0.0139996
451  0.18206
452  -0.285557
453  -0.0019634
454  -0.0166844
455  -0.609176
456  -0.147743
457  0.211531
458  0.0608899
459  0.0375194
460  -0.215866
461  -0.112815
462  -0.178965
463  -0.22212
464  -0.253121
465  -0.651516
466  -0.134697
467  0.0427748
468  -0.356375
469  -0.28594
470  0.203231
471  -0.201218
472  -0.236582
473  0.121985
474  0.00594118
475  -0.263683
476  0.0793469
477  -0.0433192
478  -0.410292
479  -0.201532
480  -0.41264
481  -0.351093
482  -0.425593
483  -0.789599
484  -0.868555
485  -1.01182
486  -1.65378
487  -1.98437
488  -2.32292
489  -2.08936
490  -3.43521
491  -4.34993
492  -5.53689
493  -7.54093
494  -14.0449
495  -29.8748
496  -69.9371
497  -161.171
498  -340.303
499  -639.168
500  -1066.2
501  -1583.97
502  -2122.29
503  -2611.7
504  -3001.71
505  -3273.66
506  -3429.06
507  -3484.32
508  -3463.32
509  -3390.41
510  -3285.35
511  -3157.73
512  -3004.86
513  -2822.83
514  -2610.16
515  -2373.2
516  -2127.04
517  -1885.74
518  -1659.77
519  -1455.23
520  -1274.49
521  -1116.35
522  -977.62
523  -856.25
524  -748.448
525  -653.909
526  -571.118
527  -501.75
528  -443.732
529  -396.19
530  -356.879
531  -324.349
532  -296.991
533  -275.192
534  -257.582
535  -243.185
536  -230.961
537  -220.339
538  -210.818
539  -203.499
540  -198.442
541  -195.783
542  -194.543
543  -193.665
544  -191.284
545  -186.638
546  -181.213
547  -176.943
548  -172.626
549  -169.052
550  -165.025
551  -161.02
552  -156.57
553  -151.264
554  -145.352
555  -139.22
556  -132.796
557  -127.119
558  -122.336
559  -117.377
560  -111.225
561  -103.778
562  -95.1769
563  -88.1411
564  -82.4297
565  -78.3192
566  -76.0409
567  -74.6438
568  -74.1251
569  -74.2355
570  -75.3427
571  -76.8692
572  -78.0726
573  -79.7348
574  -80.2953
575  -80.241
576  -79.1939
577  -77.4554
578  -74.9045
579  -71.475
580  -69.5557
581  -68.1415
582  -67.6034
583  -67.054
584  -66.2739
585  -67.0555
586  -67.7621
587  -69.0925
588  -70.6118
589  -70.3878
590  -69.4421
591  -67.3644
592  -64.4273
593  -61.6627
594  -58.5737
595  -55.7975
596  -53.7863
597  -50.9174
598  -49.304
599  -47.4235
600  -44.9873
601  -40.739
602  -35.8211
603  -29.9982
604  -24.1117
605  -18.8206
606  -13.5937
607  -9.90123
608  -8.27064
609  -8.64494
610  -10.7472
611  -13.392
612  -16.0431
613  -18.3476
614  -20.0824
615  -21.2571
616  -22.807
617  -23.599
618  -26.1977
619  -28.9662
620  -32.3287
621  -36.0314
622  -39.6412
623  -41.0574
624  -41.1149
625  -38.8386
626  -33.9456
627  -27.796
628  -22.5105
629  -18.8822
630  -17.862
631  -20.6108
632  -25.8409
633  -32.8082
634  -42.2661
635  -52.5548
636  -62.6885
637  -73.0928
638  -83.0527
639  -90.6415
640  -97.0811
641  -100.716
642  -102.238
643  -102.36
644  -100.074
645  -97.2817
646  -93.0792
647  -88.2384
648  -83.1762
649  -78.0561
650  -72.057
651  -65.569
652  -59.0424
653  -52.976
654  -46.7839
655  -40.742
656  -36.2217
657  -32.2529
658  -28.5516
659  -25.8903
660  -23.2922
661  -20.8829
662  -19.2232
663  -17.4572
664  -16.4071
665  -15.9583
666  -15.3259
667  -15.435
668  -15.1735
669  -15.0241
670  -14.6043
671  -14.4227
672  -14.2336
673  -14.004
674  -13.9264
675  -13.8435
676  -13.1538
677  -13.4641
678  -13.5852
679  -13.2693
680  -13.3444
681  -13.2974
682  -12.6933
683  -12.5958
684  -12.4352
685  -12.778
686  -12.3727
687  -12.7183
688  -12.1054
689  -11.973
690  -12.3723
691  -12.6268
692  -12.7312
693  -12.748
694  -13.0179
695  -13.674
696  -14.4196
697  -14.7061
698  -14.5786
699  -14.0963
700  -14.1552
701  -14.3894
702  -13.8167
703  -13.8226
704  -13.7735
705  -13.2622
706  -12.716
707  -12.4719
708  -12.2394
709  -11.2753
710  -10.8066
711  -10.2064
712  -9.77897
713  -8.80652
714  -7.95679
715  -7.78565
716  -7.83717
717  -7.53242
718  -7.96484
719  -7.82303
720  -8.26264
721  -8.67197
722  -9.48874
723  -10.1081
724  -10.8611
725  -11.7015
726  -12.0766
727  -12.6162
728  -12.8423
729  -13.3282
730  -14.3255
731  -15.7585
732  -17.3781
733  -20.4013
734  -25.6348
735  -32.6207
736  -40.8697
737  -50.314
738  -60.6999
739  -70.3706
740  -79.2466
741  -86.2002
742  -92.3497
743  -96.7629
744  -99.8591
745  -101.362
746  -101.884
747  -101.228
748  -100.221
749  -98.4374
750  -95.818
751  -91.773
752  -88.3969
753  -85.327
754  -82.886
755  -81.1093
756  -79.8441
757  -78.647
758  -76.7774
759  -73.1694
760  -69.1312
761  -63.1175
762  -56.338
763  -49.1411
764  -42.1095
765  -35.0743
766  -28.4392
767  -22.8338
768  -17.0677
769  -11.2821
770  -6.43698
771  -1.24898
772  3.12078
773  6.38641
774  8.96958
775  10.9271
776  12.3569
777  13.4044
778  13.7585
779  13.4073
780  12.9353
781  12.8989
782  12.1002
783  11.5198
784  11.239
785  10.6755
786  10.2911
787  9.86657
788  9.07803
789  8.69609
790  8.1157
791  7.14325
792  6.57589
793  6.40431
794  5.95376
795  5.23044
796  4.87578
797  4.76025
798  4.03675
799  3.84346
800  3.6007
801  2.94931
802  2.57063
803  2.18921
804  1.72722
805  1.48933
806  0.828737
807  0.938043
808  0.563638
809  -0.00608511
810  -0.365998
811  -0.968479
812  -0.660804
813  -1.48458
814  -2.03087
815  -1.92651
816  -2.31485
817  -2.38679
818  -2.30286
819  -2.38339
820  -1.79506
821  -2.4758
822  -2.75862
823  -2.98359
824  -3.4066
825  -3.45992
826  -3.64988
827  -3.95886
828  -3.76783
829  -3.93853
830  -3.53946
831  -4.0722
832  -3.66104
833  -3.63101
834  -3.57904
835  -3.04395
836  -2.88355
837  -2.79455
838  -2.541
839  -2.29801
840  -1.92244
841  -1.82709
842  -1.98235
843  -1.33576
844  -1.12742
845  -1.24386
846  -1.55327
847  -1.27348
848  -1.20171
849  -0.901032
850  -1.35097
851  -0.760515
852  -0.754406
853  -0.47254
854  -1.16052
855  -0.787498
856  -1.11333
857  -1.13621
858  -1.53446
859  -1.42631
860  -1.65656
861  -1.71268
862  -1.7538
863  -1.17435
864  -1.55407
865  -2.22061
866  -2.09379
867  -2.23734
868  -1.81394
869  -2.2961
870  -2.71534
871  -3.1557
872  -3.95893
873  -4.66307
874  -4.77751
875  -6.03853
876  -6.44905
877  -6.38409
878  -6.85038
879  -6.68861
880  -6.82278
881  -6.70623
882  -6.36062
883  -6.23348
884  -5.94184
885  -6.02249
886  -5.83931
887  -5.63845
888  -5.41027
889  -5.24949
890  -5.26801
891  -5.10517
892  -4.65423
893  -4.39501
894  -4.65543
895  -4.17265
896  -3.47998
897  -3.559
898  -3.08744
899  -2.96167
900  -1.90169
901  -1.62935
902  -1.66093
903  -1.4151
904  -1.47227
905  -0.946804
906  -0.55049
907  -0.827943
908  -0.334948
909  -0.147829
910  -0.120724
911  -0.247841
912  -0.161482
913  0.303463
914  0.48355
915  -0.0719346
916  -0.054267
917  -0.237151
918  -0.166327
919  -0.305324
920  -0.235242
921  -0.481686
922  -0.739309
923  -0.376512
924  -0.613831
925  -0.279971
926  -0.569881
927  -0.526603
928  -1.00823
929  -0.416227
930  -0.814019
931  -0.855892
932  -1.03946
933  -0.765867
934  -1.07605
935  -0.907316
936  -1.18665
937  -0.994574
938  -1.03213
939  -1.40741
940  -1.50156
941  -1.49282
942  -1.61476
943  -1.37589
944  -1.23395
945  -1.40601
946  -0.966736
947  -1.33285
948  -1.28683
949  -1.42836
950  -1.00664
951  -0.918979
952  -1.30453
953  -1.18513
954  -1.51371
955  -1.25752
956  -0.961158
957  -0.837658
958  -1.21297
959  -1.20954
960  -1.57786
961  -0.965221
962  -1.08962
963  -1.48727
964  -1.33234
965  -1.1706
966  -1.37889
967  -1.26263
968  -1.59166
969  -1.64949
970  -1.47031
971  -1.60993
972  -1.87684
973  -1.97746
974  -2.31132
975  -2.65509
976  -2.5674
977  -3.00489
978  -3.72817
979  -3.64998
980  -3.41811
981  -3.40174
982  -3.53931
983  -3.75335
984  -3.81249
985  -3.75235
986  -3.81248
987  -3.84332
988  -3.18322
989  -3.40457
990  -3.80447
991  -4.02536
992  -3.7485
993  -3.89867
994  -3.67536
995  -3.84593
996  -3.49174
997  -3.40892
998  -3.52581
999  -2.68351
1000  -2.79053
1001  -2.53086
1002  -2.68951
1003  -2.282
1004  -1.46539
1005  -0.980552
1006  -0.930404
1007  -0.356652
1008  -0.591451
1009  -0.496784
1010  -0.426132
1011  -0.269151
1012  0.44783
1013  0.628375
1014  0.32308
1015  0.317284
1016  0.313574
1017  0.272632
1018  0.284901
1019  0.501461
1020  0.629269
1021  0.587649
1022  0.477928
1023  0.864156
1024  0.745199
1025  0.853126
1026  0.875089
1027  0.498944
1028  0.653552
1029  0.760246
1030  1.05052
1031  0.795193
1032  0.489642
1033  0.392322
1034  0.336896
1035  0.386772
1036  0.348533
1037  0.650188
1038  0.338446
1039  0.104593
1040  -0.461141
1041  -0.111452
1042  -0.0734899
1043  0.107679
1044  -0.201436
1045  -0.274421
1046  -0.285102
1047  -0.647741
1048  -0.538202
1049  -0.212632
1050  0.506554
1051  -0.236829
1052  -0.294122
1053  -0.143717
1054  0.138524
1055  -0.201445
1056  -0.718509
1057  -0.299811
1058  -0.544904
1059  -0.610594
1060  -0.622971
1061  -0.525293
1062  -0.403636
1063  -0.465744
1064  -0.633518
1065  -0.65552
1066  -0.154367
1067  -0.66682
1068  -0.257474
1069  -0.672841
1070  -0.289002
1071  -0.234596
1072  -0.22683
1073  -0.294621
1074  -0.556105
1075  -0.0896801
1076  -0.139296
1077  -0.479935
1078  -0.302209
1079  -0.322332
1080  -0.512306
1081  -0.621996
1082  -0.392164
1083  -0.266055
1084  -0.20308
1085  -0.299059
1086  -0.256097
1087  -0.300799
1088  -0.238793
1089  -0.38738
1090  -0.416821
1091  -0.326321
1092  -0.447922
1093  -0.135286
1094  -0.145105
1095  0.199339
1096  0.26876
1097  -0.17587
1098  -0.339366
1099  -0.207202
1100  0.19545
1101  0.210664
1102  -0.198714
1103  -0.102187
1104  0.0128428
1105  -0.0965231
1106  -0.353955
1107  0.101781
1108  -0.0632798
1109  0.129832
1110  -0.328592
1111  -0.358434
1112  -0.191524
1113  -0.188574
1114  0.119746
1115  -0.135456
1116  -0.184224
1117  -0.195209
1118  -0.00490626
1119  0.258431
1120  0.0313623
1121  -0.0445502
1122  -0.488643
1123  -0.390241
1124  -0.343859
1125  -0.0306094
1126  -0.230021
1127  -0.168235
1128  0.0175548
1129  -0.236863
1130  -0.0159285
1131  -0.208218
1132  -0.204091
1133  -0.250155
1134  -0.243967
1135  -0.292935
1136  -0.0326154
1137  0.0513928
1138  -0.054215
1139  -0.0267835
1140  0.115866
1141  0.396212
1142  0.290544
1143  -0.13783
1144  -0.250623
1145  0.218012
1146  0.0705153
1147  0.225933
1148  0.252042
1149  0.186542
1150  0.186907
1151  0.0048362
1152  -0.230631
1153  0.261001
1154  -0.164446
1155  0.315735
1156  0.653274
1157  0.0721345
1158  0.223042
1159  0.196687
1160  -0.251281
1161  -0.0337634
1162  -0.139403
1163  0.185508
1164  0.0432054
1165  0.0685375
1166  0.760172
1167  0.285231
1168  0.0746356
1169  0.218757
1170  -0.204526
1171  0.135549
1172  -0.412692
1173  -0.00244359
1174  0.133034
1175  0.21939
1176  0.0460781
1177  0.276398
1178  -0.130991
1179  -0.124647
1180  0.339551
1181  -0.697394
1182  -0.453607
1183  -0.265157
1184  -0.144961
1185  0.162001
1186  -0.222519
1187  -0.4075
1188  0.0469737
1189  0.0712246
1190  0.284586
1191  -0.153651
1192  0.0300126
1193  -0.0874898
1194  0.236374
1195  -0.173356
1196  -0.520439
1197  -0.111926
1198  -0.0353607
1199  -0.290009
1200  0.00503844
1201  -0.151616
1202  -0.462531
1203  -0.251116
1204  -0.332686
1205  -0.373696
1206  -0.642335
1207  -0.707665
1208  -0.576571
1209  -0.0608006
1210  -0.173838
1211  -0.478756
1212  -0.113552
1213  -0.28569
1214  -0.0558643
1215  0.0345405
1216  -0.164197
1217  -0.31847
1218  -0.0444544
1219  -0.421453
1220  -0.0249895
1221  -0.734832
1222  -0.257666
1223  -0.576313
1224  -0.346665
1225  -0.566093
1226  -0.580984
1227  -0.428805
1228  -0.0669883
1229  -0.736636
1230  -0.847627
1231  -0.302171
1232  -0.401266
1233  -0.730811
1234  -1.03741
1235  -0.805926
1236  -0.55566
1237  -0.447303
1238  -0.812896
1239  -0.354247
1240  -0.924942
1241  -1.14646
1242  -1.07844
1243  -0.71675
1244  -0.984588
1245  -0.808429
1246  -1.28749
1247  -0.915034
1248  -0.813065
1249  -1.45375
