1  -0.0999523
2  -0.336052
3  -0.352471
4  0.239709
5  0.107709
6  -0.144911
7  -0.251387
8  -0.00719415
9  0.013087
10  -0.0254337
11  -0.0485499
12  0.19441
13  0.30685
14  -0.0642917
15  0.131219
16  0.023759
17  -0.223971
18  0.128097
19  -0.413706
20  -0.069176
21  -0.0177697
22  0.0314041
23  -0.0270678
24  0.148226
25  -0.0369225
26  -0.164847
27  0.0646931
28  0.0773752
29  -0.21134
30  -0.0554992
31  -0.103956
32  -0.066019
33  0.280909
34  0.377882
35  0.360051
36  -0.0377911
37  -0.0511773
38  -0.357113
39  -0.0854327
40  -0.0492961
41  -0.121675
42  -0.154007
43  -0.0979571
44  0.219131
45  -0.195459
46  -0.0382806
47  -0.0243026
48  -0.100301
49  -0.236947
50  0.2529
51  0.0517957
52  -0.180375
53  -0.00560244
54  0.333634
55  0.113483
56  0.200278
57  -0.135903
58  -0.0105855
59  0.158367
60  0.234147
61  -0.162933
62  0.0156525
63  -0.13149
64  -0.106302
65  0.200473
66  0.299762
67  0.0633903
68  0.0431052
69  -0.236092
70  0.0296926
71  0.159661
72  0.139906
73  -0.102757
74  0.120494
75  -0.0343514
76  -0.11457
77  -0.188207
78  -0.254966
79  0.0242532
80  0.0339544
81  -0.260496
82  -0.0723301
83  0.132731
84  0.166052
85  0.217916
86  0.200592
87  0.354645
88  0.193514
89  0.0698697
90  0.126371
91  0.155787
92  -0.0211783
93  0.0866361
94  -0.087656
95  0.116137
96  0.251066
97  -0.0764879
98  -0.0306283
99  0.0242711
100  -0.0204884
101  -0.00405342
102  0.286265
103  -0.1264
104  0.155493
105  -0.228625
106  0.054979
107  -0.0835338
108  -0.117632
109  0.0156791
110  0.0830047
111  -0.0614889
112  -0.193371
113  -0.0617704
114  0.0786015
115  -0.0313291
116  -0.176967
117  -0.0122092
118  -0.106016
119  -0.204173
120  -0.029956
121  0.013621
122  0.271381
123  -0.295797
124  0.067155
125  0.0993552
126  -0.122747
127  -0.000897242
128  0.174495
129  -0.0460842
130  -0.00783277
131  0.0733629
132  0.195591
133  -0.0795439
134  0.228522
135  0.123181
136  0.306814
137  0.0586583
138  -0.379296
139  -0.175483
140  0.0915219
141  0.0787934
142  0.229982
143  -0.0669765
144  0.00320444
145  -0.253753
146  -0.108306
147  -0.292506
148  -0.218549
149  -0.176806
150  0.0143761
151  0.0760095
152  0.0684019
153  0.42846
154  -0.00090867
155  -0.172303
156  -0.0725658
157  0.0889322
158  -0.181798
159  -0.268908
160  -0.0567789
161  0.122105
162  -0.0854213
163  0.0720355
164  -0.273255
165  -0.0479962
166  0.189261
167  -0.182121
168  0.00290187
169  0.126439
170  0.241646
171  -0.0633093
172  0.0134553
173  -0.0405873
174  0.263865
175  -0.0525401
176  0.217773
177  -0.00960031
178  0.0378436
179  0.100848
180  -0.112043
181  0.0140513
182  0.129307
183  -0.055963
184  0.110116
185  -0.175991
186  0.133856
187  0.0447977
188  0.230978
189  -0.155827
190  0.0451
191  0.263927
192  0.0198443
193  -0.253662
194  -0.204227
195  -0.0970695
196  -0.191206
197  -0.0361958
198  -0.0727371
199  0.054843
200  0.0263762
201  -0.131336
202  -0.208271
203  -0.054671
204  -1.89546e-05
205  -0.213518
206  0.0978663
207  0.0350758
208  -0.0118091
209  -0.0530041
210  0.0682384
211  0.0169069
212  -0.25279
213  -0.29426
214  0.0712084
215  -0.153272
216  -0.0783966
217  0.0978081
218  -0.407053
219  -0.0839304
220  -0.099047
221  -0.160663
222  -0.168734
223  -0.133217
224  0.00364654
225  -0.0777098
226  -0.306214
227  -0.0666094
228  -0.037958
229  -0.205591
230  -0.0762539
231  -0.461126
232  -0.129453
233  0.0238714
234  -0.192654
235  -0.325002
236  -0.231141
237  0.0104426
238  -0.128172
239  0.155133
240  0.0964372
241  -0.22309
242  -0.216662
243  -0.28474
244  -0.54828
245  -0.420893
246  -0.525627
247  -0.433821
248  -0.824884
249  -1.14479
250  -1.59024
251  -2.81142
252  -6.88879
253  -19.0791
254  -55.7191
255  -151.239
256  -354.124
257  -694.63
258  -1135.5
259  -1582.53
260  -1944.95
261  -2174.93
262  -2266.11
263  -2228.63
264  -2073.68
265  -1821.56
266  -1508.31
267  -1180.95
268  -881.14
269  -631.952
270  -441.899
271  -310.542
272  -233.911
273  -203.215
274  -202.123
275  -216.095
276  -233.118
277  -243.67
278  -242.98
279  -231.506
280  -209.854
281  -180.182
282  -147.84
283  -118.268
284  -93.8439
285  -74.4343
286  -59.817
287  -51.7526
288  -50.1842
289  -53.4065
290  -57.3002
291  -60.8559
292  -63.0143
293  -64.2663
294  -64.1846
295  -62.4
296  -58.789
297  -54.0883
298  -48.3309
299  -43.3456
300  -40.191
301  -37.9328
302  -36.4073
303  -34.6197
304  -33.8829
305  -34.0378
306  -34.9646
307  -35.1769
308  -34.2254
309  -32.5078
310  -31.5932
311  -30.719
312  -30.0362
313  -28.6268
314  -26.8095
315  -25.2944
316  -24.9061
317  -24.7794
318  -24.6745
319  -24.2334
320  -22.9647
321  -22.1123
322  -21.6767
323  -21.4155
324  -21.6755
325  -20.8304
326  -19.3301
327  -18.2426
328  -18.1063
329  -18.679
330  -17.9834
331  -17.329
332  -16.3911
333  -15.858
334  -15.7886
335  -15.8935
336  -15.3457
337  -14.5563
338  -14.2206
339  -14.73
340  -15.5194
341  -16.5709
342  -16.4906
343  -16.3246
344  -15.6309
345  -15.1048
346  -14.393
347  -13.2014
348  -11.4434
349  -8.81743
350  -6.65494
351  -4.81504
352  -3.9383
353  -4.19198
354  -5.19126
355  -7.53171
356  -10.7238
357  -15.3398
358  -19.8516
359  -21.8899
360  -23.2491
361  -22.4568
362  -20.457
363  -17.5067
364  -13.5999
365  -9.45104
366  -5.47408
367  -2.62886
368  -1.63327
369  -1.60659
370  -2.30611
371  -3.91941
372  -5.67872
373  -7.34794
374  -8.92134
375  -10.1729
376  -10.743
377  -10.3228
378  -9.31793
379  -8.54456
380  -7.80653
381  -7.19083
382  -6.47752
383  -5.68827
384  -5.27493
385  -5.08723
386  -4.99596
387  -4.79903
388  -4.25731
389  -4.01593
390  -4.3524
391  -5.06317
392  -5.76638
393  -6.39188
394  -6.97399
395  -7.40803
396  -8.14005
397  -8.74744
398  -8.66095
399  -8.50367
400  -7.87773
401  -7.22336
402  -6.43629
403  -5.79896
404  -5.28264
405  -5.0351
406  -4.46448
407  -4.20176
408  -4.36598
409  -4.59423
410  -4.48699
411  -3.98476
412  -4.32448
413  -4.81206
414  -5.11168
415  -5.40758
416  -5.34975
417  -5.52592
418  -5.31287
419  -5.1952
420  -5.35523
421  -5.13902
422  -4.61111
423  -4.24449
424  -4.25919
425  -4.35382
426  -4.3208
427  -4.60889
428  -4.09745
429  -4.16398
430  -4.07563
431  -4.20994
432  -4.18466
433  -3.99542
434  -3.91314
435  -4.15995
436  -4.3846
437  -4.28984
438  -3.90492
439  -3.85068
440  -3.61533
441  -3.50122
442  -3.02508
443  -3.06385
444  -3.22382
445  -3.13131
446  -2.99728
447  -3.33314
448  -3.2019
449  -3.38224
450  -3.69253
451  -3.17274
452  -3.46716
453  -3.31269
454  -2.76196
455  -2.11086
456  -1.20699
457  0.493303
458  1.84484
459  3.32957
460  3.81015
461  3.71961
462  2.78722
463  1.43657
464  -0.884644
465  -3.24453
466  -5.97574
467  -7.94477
468  -8.42337
469  -8.65288
470  -8.13562
471  -7.23528
472  -5.93221
473  -4.10144
474  -2.45756
475  -1.08587
476  -0.0807776
477  0.805571
478  1.33507
479  1.25894
480  -0.546059
481  -2.4838
482  -5.75409
483  -8.53555
484  -11.296
485  -13.7057
486  -14.6646
487  -14.4353
488  -12.5934
489  -9.78524
490  -6.25764
491  -2.8125
492  0.996336
493  3.58947
494  5.14938
495  5.96492
496  5.68033
497  4.47972
498  2.70132
499  0.738689
500  -0.61006
501  -2.06268
502  -3.21408
503  -3.50851
504  -3.38567
505  -3.32697
506  -2.40235
507  -1.78513
508  -1.05847
509  -0.461521
510  -0.122347
511  -0.249268
512  -0.520585
513  -0.674114
514  -0.784114
515  -1.16146
516  -1.4601
517  -1.62015
518  -1.77562
519  -1.71162
520  -2.0073
521  -1.52816
522  -1.31191
523  -1.26118
524  -1.15487
525  -1.12046
526  -0.664929
527  -0.561458
528  -0.981694
529  -1.1106
530  -1.32939
531  -1.62263
532  -1.46728
533  -1.32344
534  -1.48895
535  -1.52768
536  -1.16582
537  -1.35618
538  -1.37623
539  -1.31117
540  -1.05457
541  -1.2719
542  -1.00214
543  -0.914712
544  -1.48345
545  -1.23488
546  -1.23767
547  -1.36793
548  -1.45763
549  -1.6089
550  -1.42029
551  -1.2448
552  -1.11021
553  -1.32543
554  -0.911726
555  -1.05942
556  -1.30217
557  -0.817721
558  -0.992718
559  -0.733851
560  -0.88297
561  -1.27385
562  -1.09382
563  -0.898854
564  -1.23243
565  -1.33379
566  -0.980846
567  -1.34623
568  -1.51601
569  -1.12238
570  -1.07273
571  -1.18285
572  -1.00615
573  -0.885821
574  -1.20973
575  -0.806145
576  -0.841957
577  -1.1055
578  -0.903669
579  -0.921316
580  -0.990947
581  -1.20472
582  -1.19606
583  -1.1759
584  -1.32219
585  -0.875437
586  -0.845837
587  -1.16067
588  -1.39033
589  -1.0469
590  -0.937875
591  -0.821923
592  -0.797777
593  -0.761001
594  -0.652941
595  -0.596742
596  -0.804391
597  -0.681178
598  -0.773382
599  -1.03645
600  -0.860643
601  -1.07231
602  -0.789268
603  -1.17098
604  -0.943783
605  -0.648615
606  -1.15679
607  -0.794346
608  -0.645954
609  -0.800042
610  -0.747652
611  -0.708547
612  -0.954308
613  -1.02887
614  -1.10668
615  -1.01058
616  -1.3421
617  -1.43475
618  -1.21608
619  -1.12199
620  -0.916081
621  -0.952128
622  -0.567238
623  -0.929256
624  -0.796349
625  -0.831922
626  -0.894668
627  -0.951092
628  -0.987556
629  -0.970762
630  -0.551458
631  -0.978698
632  -0.805251
633  -0.957546
634  -0.854029
635  -0.960201
636  -0.80227
637  -0.919628
638  -0.894295
639  -1.0824
640  -1.22439
641  -1.17218
642  -1.06892
643  -1.14502
644  -1.21723
645  -1.21096
646  -1.47428
647  -1.23647
648  -1.23123
649  -1.04098
650  -0.837846
651  -0.869137
652  -0.859275
653  -0.748674
654  -0.716611
655  -0.486226
656  -0.680554
657  -0.714203
658  -0.807618
659  -0.738446
660  -0.664871
661  -0.685041
662  -0.795967
663  -0.870948
664  -0.929616
665  -0.793297
666  -0.451147
667  -0.788978
668  -0.827868
669  -1.1804
670  -1.04017
671  -0.860808
672  -0.808441
673  -0.806113
674  -0.941796
675  -0.514843
676  -0.597845
677  -0.997738
678  -0.897597
679  -1.0421
680  -0.773418
681  -0.720264
682  -0.862935
683  -0.522442
684  -0.532703
685  -1.11758
686  -0.699905
687  -0.758188
688  -0.841897
689  -0.955245
690  -0.902748
691  -0.689769
692  -0.64222
693  -0.688964
694  -0.475681
695  -0.90648
696  -0.817372
697  -0.588314
698  -0.86225
699  -0.534114
700  -0.663176
701  -0.804893
702  -0.528747
703  -0.61087
704  -0.737026
705  -0.628063
706  -0.574091
707  -0.750468
708  -0.796263
709  -0.872756
710  -0.741776
711  -0.622379
712  -0.816965
713  -0.424805
714  -0.896756
715  -0.999989
716  -1.1097
717  -0.78964
718  -0.706424
719  -0.58766
720  -0.757202
721  -0.830061
722  -0.527195
723  -0.902466
724  -0.749489
725  -1.10195
726  -0.96032
727  -0.806527
728  -0.901671
729  -0.902004
730  -0.891857
731  -0.839546
732  -0.998471
733  -0.940384
734  -0.668777
735  -0.617721
736  -0.778385
737  -0.753826
738  -0.84929
739  -0.652649
740  -0.538819
741  -0.603657
742  -0.862891
743  -0.777531
744  -0.695583
745  -0.733509
746  -0.788404
747  -0.722666
748  -0.978178
749  -0.862892
750  -0.838576
751  -0.799598
752  -0.713268
753  -0.859479
754  -0.538579
755  -0.554923
756  -0.448175
757  -0.568962
758  -0.902511
759  -0.959465
760  -0.990841
761  -1.03277
762  -0.646773
763  -0.690566
764  -0.366207
765  -0.683674
766  -0.492864
767  -0.322095
768  -0.765489
769  -0.351629
770  -0.520495
771  -0.620598
772  -0.549175
773  -0.351923
774  -0.622467
775  -0.375264
776  -0.595043
777  -0.482149
778  -0.328376
779  -0.354555
780  -0.315615
781  -0.361993
782  -0.210645
783  -0.253474
784  -0.590304
785  -0.273632
786  -0.240824
787  -0.463873
788  -0.746919
789  -0.630678
790  -0.666461
791  -1.10347
792  -0.870119
793  -0.588365
794  -0.584732
795  -0.477457
796  -0.866368
797  -0.917201
798  -1.15882
799  -1.0174
800  -0.683178
801  -0.984498
802  -0.672566
803  -1.11619
804  -1.09335
805  -1.39188
806  -1.29844
807  -1.15151
808  -1.34107
809  -1.51417
810  -1.64699
811  -1.64244
812  -1.4826
813  -1.7524
814  -1.82046
815  -1.75189
816  -1.98993
817  -2.04987
818  -1.9541
819  -2.41391
820  -2.08156
821  -1.93676
822  -2.05464
823  -2.6849
824  -2.67785
825  -2.62951
826  -2.96375
827  -3.12521
828  -3.42184
829  -3.20742
830  -3.03881
831  -3.35638
832  -3.17542
833  -3.20352
834  -2.81313
835  -2.9423
836  -2.77418
837  -2.84131
838  -2.84191
839  -2.77282
840  -2.72849
841  -2.76402
842  -2.5258
843  -2.75431
844  -2.74063
845  -2.78341
846  -2.95939
847  -2.74427
848  -2.68268
849  -2.67211
850  -2.94538
851  -2.35736
852  -2.19118
853  -2.24508
854  -2.14144
855  -1.90618
856  -2.40977
857  -2.27609
858  -2.30316
859  -2.35345
860  -2.40159
861  -2.36627
862  -2.45292
863  -2.73022
864  -2.50256
865  -2.45663
866  -2.64131
867  -2.6774
868  -3.10656
869  -3.03218
870  -2.58819
871  -2.83153
872  -2.57487
873  -2.82162
874  -2.77819
875  -2.86618
876  -3.12948
877  -2.72067
878  -2.65612
879  -2.68223
880  -3.10545
881  -3.39465
882  -3.16134
883  -3.13963
884  -3.27721
885  -3.28356
886  -3.36846
887  -3.54461
888  -3.61199
889  -3.51113
890  -3.57124
891  -3.92698
892  -3.84585
893  -4.38969
894  -4.79258
895  -4.55319
896  -4.56212
897  -4.87022
898  -4.71177
899  -5.25231
900  -5.00854
901  -4.97328
902  -4.93321
903  -4.62918
904  -4.61021
905  -5.00499
906  -4.78209
907  -4.82779
908  -4.85535
909  -4.51943
910  -4.59722
911  -4.22235
912  -4.15769
913  -4.33752
914  -4.16071
915  -4.19915
916  -3.89563
917  -3.74971
918  -3.9589
919  -3.45014
920  -3.33472
921  -2.9252
922  -2.68202
923  -2.83749
924  -2.82921
925  -2.69349
926  -2.25457
927  -2.39408
928  -2.26141
929  -2.33604
930  -2.36638
931  -2.24308
932  -2.14681
933  -1.88326
934  -1.76552
935  -1.71148
936  -1.56731
937  -1.86818
938  -1.80432
939  -1.71404
940  -1.48671
941  -1.80205
942  -1.50612
943  -1.64307
944  -2.01495
945  -1.61488
946  -1.80134
947  -1.58599
948  -1.4752
949  -1.502
950  -1.61025
951  -1.3722
952  -1.30074
953  -1.48633
954  -1.49074
955  -1.45429
956  -1.33297
957  -1.47477
958  -1.7447
959  -1.445
960  -1.55127
961  -1.38367
962  -1.46964
963  -1.42703
964  -1.38276
965  -1.35312
966  -1.21191
967  -1.29685
968  -1.33719
969  -1.47766
970  -1.31886
971  -1.65657
972  -1.48462
973  -1.40613
974  -1.52049
975  -1.5249
976  -1.46198
977  -1.60935
978  -1.32595
979  -1.22251
980  -1.2429
981  -1.29985
982  -1.10453
983  -0.993704
984  -1.11618
985  -1.19416
986  -0.830068
987  -0.921286
988  -0.983199
989  -1.18879
990  -1.14616
991  -1.04122
992  -1.11501
993  -0.896542
994  -0.677524
995  -1.32762
996  -1.21827
997  -1.05156
998  -1.51495
999  -1.39625
1000  -1.56722
1001  -1.60804
1002  -1.54888
1003  -1.32564
1004  -1.24932
1005  -1.07518
1006  -1.43766
1007  -1.31833
1008  -1.0342
1009  -1.11273
1010  -1.08702
1011  -1.19053
1012  -1.17573
1013  -1.01829
1014  -1.01157
1015  -0.959283
1016  -0.996456
1017  -0.971977
1018  -0.868099
1019  -0.702157
1020  -0.790327
1021  -0.758233
1022  -0.820869
1023  -0.713052
1024  -0.59457
1025  -0.824138
1026  -0.79861
1027  -0.688018
1028  -0.950076
1029  -0.891052
1030  -0.713031
1031  -0.993581
1032  -1.12883
1033  -1.30451
1034  -1.01855
1035  -1.21701
1036  -1.14812
1037  -1.05579
1038  -0.685306
1039  -0.850937
1040  -0.782991
1041  -0.841085
1042  -1.07103
1043  -0.852497
1044  -0.702086
1045  -0.811727
1046  -0.944377
1047  -0.665906
1048  -0.686501
1049  -0.899907
1050  -0.712631
1051  -0.744491
1052  -1.13803
1053  -0.689864
1054  -0.911862
1055  -0.769306
1056  -0.83315
1057  -0.842159
1058  -0.851749
1059  -0.864269
1060  -0.834926
1061  -0.790231
1062  -0.882021
1063  -0.733985
1064  -0.50146
1065  -0.670419
1066  -0.685397
1067  -0.758453
1068  -0.934551
1069  -1.28724
1070  -0.880246
1071  -1.0979
1072  -1.04616
1073  -0.795141
1074  -1.32958
1075  -0.693561
1076  -0.861774
1077  -0.640308
1078  -0.864759
1079  -0.761346
1080  -0.884909
1081  -0.830467
1082  -0.335305
1083  -0.484505
1084  -0.691189
1085  -0.770325
1086  -0.80621
1087  -0.690209
1088  -0.328496
1089  -0.771146
1090  -0.799946
1091  -0.548388
1092  -0.585541
1093  -0.736559
1094  -0.807363
1095  -0.52263
1096  -0.66657
1097  -0.820543
1098  -0.706189
1099  -0.555203
1100  -0.684743
1101  -0.48054
1102  -0.713111
1103  -0.808973
1104  -0.57023
1105  -0.266962
1106  -0.436337
1107  -0.600626
1108  -0.25098
1109  -0.665052
1110  -0.429742
1111  -0.556536
1112  -0.622789
1113  -0.483151
1114  -0.766208
1115  -0.763591
1116  -0.553814
1117  -0.521238
1118  -0.786596
1119  -0.74647
1120  -0.7603
1121  -0.746082
1122  -0.772322
1123  -0.775444
1124  -0.718821
1125  -0.619104
1126  -0.836814
1127  -0.953395
1128  -0.995618
1129  -1.03092
1130  -1.03902
1131  -1.28656
1132  -1.08909
1133  -1.28776
1134  -1.10722
1135  -0.937371
1136  -1.28725
1137  -0.924225
1138  -1.00576
1139  -0.531507
1140  -0.904139
1141  -0.531059
1142  -0.717464
1143  -0.491829
1144  -0.290104
1145  -0.673256
1146  -0.796301
1147  -0.729896
1148  -0.873374
1149  -0.937137
1150  -0.682134
1151  -0.846681
1152  -0.527681
1153  -0.757087
1154  -0.677977
1155  -0.46001
1156  -0.809815
1157  -0.722137
1158  -0.614736
1159  -0.556199
1160  -0.455351
1161  -0.424773
1162  -0.480553
1163  -0.286638
1164  -0.239112
1165  -0.367701
1166  -0.538327
1167  -0.714314
1168  -0.307195
1169  -0.492839
1170  -0.54338
1171  -0.664827
1172  -0.662773
1173  -0.66516
1174  -0.571805
1175  -0.748142
1176  -0.883704
1177  -0.783781
1178  -0.70645
1179  -0.989578
1180  -0.830416
1181  -0.723987
1182  -0.915823
1183  -1.0031
1184  -0.947982
1185  -0.623801
1186  -0.796435
1187  -0.756043
1188  -0.865199
1189  -0.952032
1190  -0.642853
1191  -0.587447
1192  -0.534544
1193  -0.73296
1194  -0.70075
1195  -0.708206
1196  -0.39479
1197  -0.286873
1198  -0.514368
1199  -0.43352
1200  -0.499956
1201  -0.360212
1202  -0.673223
1203  -0.964866
1204  -1.00656
1205  -0.806074
1206  -1.07889
1207  -0.987673
1208  -0.882673
1209  -0.880308
1210  -0.838281
1211  -0.754381
1212  -0.726113
1213  -0.528245
1214  -0.497766
1215  -0.389433
1216  -0.344039
1217  -0.161935
1218  -0.335266
1219  -0.461933
1220  -0.468834
1221  -0.547666
1222  -0.504467
1223  -0.672999
1224  -0.652635
1225  -0.539628
1226  -0.593154
1227  -0.731976
1228  -0.433263
1229  -0.682133
1230  -0.374296
1231  -0.679026
1232  -0.395586
1233  -0.692643
1234  -0.552812
1235  -0.530327
1236  -0.376754
1237  -0.456899
1238  -0.178839
1239  -0.164887
1240  -0.452967
1241  -0.339568
1242  -0.343408
1243  -0.504557
1244  -0.401542
1245  -0.580351
1246  -0.423257
1247  -0.369907
1248  -0.357221
1249  -0.250665
1250  -0.479699
1251  -0.458794
1252  -0.64919
1253  -0.293882
1254  -0.104124
1255  -0.334543
1256  -0.184996
