0  -0.807638
1  -0.169115
2  0.155877
3  -0.239453
4  -0.941441
5  -0.0744546
6  0.317128
7  0.0377552
8  -0.0387305
9  0.335513
10  0.184614
11  -0.471789
12  -1.42771
13  -0.0966429
14  0.46354
15  0.992712
16  -1.06922
17  -0.279539
18  -0.179382
19  -0.25599
20  -0.318804
21  0.699887
22  -0.0497318
23  0.0485278
24  1.06048
25  0.92747
26  -0.547331
27  0.876426
28  0.354387
29  0.253632
30  0.345917
31  0.0755467
32  -0.107954
33  -0.186483
34  0.439312
35  0.234691
36  -0.176309
37  -0.116985
38  -0.493665
39  0.11845
40  0.0105438
41  1.06775
42  0.181079
43  0.515522
44  0.129576
45  -0.909583
46  0.49135
47  0.288933
48  0.181739
49  -0.393731
50  -0.250029
51  -0.75611
52  0.0916201
53  -0.0759191
54  -0.341645
55  -0.0740099
56  0.509899
57  0.239454
58  0.367575
59  -0.343334
60  1.5856
61  0.123911
62  -1.09119
63  -0.485014
64  0.0309406
65  -0.181061
66  0.107581
67  -0.852098
68  0.361683
69  0.562406
70  -0.148876
71  -0.144211
72  0.866545
73  -0.0168903
74  -0.204716
75  0.059394
76  -0.292187
77  -0.440074
78  0.0228238
79  -0.179384
80  0.00947548
81  0.650191
82  0.771645
83  1.11373
84  0.58409
85  0.377056
86  0.326631
87  0.0811885
88  0.357793
89  0.777884
90  -0.128946
91  0.0786049
92  0.204629
93  -0.802755
94  0.809235
95  0.157226
96  0.430668
97  -0.139446
98  0.251646
99  0.275664
100  -0.285118
101  0.662396
102  0.807254
103  -0.0596845
104  0.152533
105  -0.00685506
106  -0.0297838
107  -0.595069
108  0.267186
109  1.43752
110  0.55166
111  1.00762
112  0.434896
113  0.830626
114  0.202031
115  0.175592
116  0.953728
117  -0.268066
118  0.0376424
119  0.645712
120  0.656931
121  0.030189
122  -0.514015
123  -0.734363
124  0.354834
125  -0.126344
126  0.776312
127  0.620974
128  -0.511724
129  -0.127723
130  -0.538336
131  -0.328445
132  -0.713501
133  -0.151487
134  -0.0721826
135  -0.0298036
136  -0.437283
137  0.104099
138  -0.967604
139  -0.416196
140  -0.136454
141  -0.664614
142  0.0411925
143  0.407972
144  -0.57694
145  0.310435
146  0.411344
147  0.839712
148  0.393286
149  0.170374
150  -0.361601
151  0.354417
152  0.876679
153  0.207313
154  -0.4894
155  -1.41958
156  -0.159439
157  0.772677
158  0.390635
159  -0.489148
160  0.268926
161  0.594789
162  -0.199839
163  -0.0736028
164  -0.157218
165  0.456201
166  -0.353384
167  0.118112
168  -0.269929
169  -0.263097
170  -0.825066
171  0.125234
172  -0.150624
173  0.170654
174  0.702999
175  -0.441235
176  -0.0172689
177  -0.653984
178  0.533057
179  0.0774377
180  0.719602
181  -0.461106
182  -0.0819316
183  0.3936
184  -0.54638
185  0.523702
186  0.124933
187  -0.685768
188  0.0618337
189  -0.169455
190  0.256028
191  0.309628
192  -0.260096
193  0.266679
194  0.482459
195  -0.575248
196  -0.245155
197  -0.63408
198  -0.483558
199  -0.43762
200  0.26991
201  -0.791133
202  0.534416
203  -0.051019
204  0.386102
205  0.45571
206  0.582471
207  0.445744
208  0.519194
209  -0.29224
210  -0.294356
211  0.013805
212  -0.248678
213  -0.0553458
214  0.482856
215  0.726553
216  0.634763
217  -0.365451
218  -0.92556
219  -0.565891
220  0.429084
221  -0.267785
222  -0.745438
223  0.219586
224  -0.604227
225  -0.674753
226  -0.247675
227  -0.0191351
228  0.0909729
229  -0.210645
230  0.938593
231  0.0655275
232  0.887907
233  0.518818
234  0.173316
235  -0.170824
236  -0.556902
237  -0.0199386
238  0.956588
239  1.09656
240  -0.127091
241  -0.340267
242  -0.663451
243  0.210238
244  -0.524149
245  -0.516496
246  -0.735402
247  0.279969
248  0.0508528
249  -0.492639
250  -0.480182
251  -0.443171
252  0.0690294
253  -0.336695
254  -0.61118
255  -0.880695
256  0.109282
257  -0.0686853
258  -0.289958
259  -0.151871
260  -0.0823052
261  -0.330631
262  -0.152825
263  -1.55065
264  -0.340773
265  -0.71166
266  -0.169171
267  -0.507769
268  0.138815
269  0.31443
270  -0.215741
271  -0.504766
272  -0.615691
273  -0.257554
274  0.572002
275  0.584487
276  0.845644
277  0.193477
278  0.180086
279  0.891882
280  -0.382541
281  -0.199849
282  -0.676543
283  -0.460152
284  -0.0974581
285  0.439593
286  -0.16895
287  -0.666479
288  0.238732
289  0.140103
290  -0.25427
291  -0.410408
292  0.241515
293  0.198905
294  0.650629
295  -0.249775
296  0.667276
297  1.31171
298  0.310512
299  0.516723
300  -0.2868
301  0.0951355
302  0.482246
303  -0.138482
304  -0.131445
305  0.319134
306  0.695033
307  0.371808
308  -0.230143
309  -0.361672
310  0.261008
311  -0.346658
312  -0.710884
313  0.119586
314  0.549525
315  -0.69708
316  -0.221381
317  -0.226426
318  -0.183023
319  -0.926376
320  0.0747672
321  0.198467
322  -0.178741
323  -0.230627
324  0.0859953
325  0.378212
326  -0.379677
327  0.473756
328  0.693945
329  -0.228042
330  0.383125
331  0.745495
332  -0.509006
333  0.0279365
334  -0.607701
335  -0.621627
336  0.0476141
337  -0.257921
338  -0.0197799
339  -0.0129556
340  0.000591603
341  -0.159727
342  -0.0872951
343  0.238934
344  0.0630151
345  0.0326023
346  -0.535556
347  -0.319943
348  0.284318
349  -1.05163
350  -0.547251
351  0.627978
352  -0.316224
353  0.0377257
354  -0.098895
355  -0.544262
356  -1.00551
357  -0.193279
358  -1.24877
359  0.642138
360  0.86368
361  0.614106
362  -0.621955
363  -0.0303823
364  -0.308957
365  0.422487
366  0.149621
367  0.131646
368  -0.773637
369  -0.247975
370  0.687369
371  0.113992
372  -0.0797273
373  -1.466
374  -0.0909214
375  -0.162699
376  -0.20035
377  -0.32147
378  -0.310486
379  0.117426
380  -0.374256
381  -0.877459
382  0.948699
383  -0.0867442
384  0.360251
385  0.228125
386  -0.848805
387  -1.56352
388  -0.819851
389  0.0532146
390  -0.170399
391  -0.143612
392  -0.701902
393  0.739368
394  0.278705
395  -1.1438
396  -0.042227
397  0.145247
398  0.00775661
399  -0.0337172
400  -0.361615
401  0.406148
402  0.29249
403  0.409713
404  0.255065
405  0.287765
406  0.415861
407  0.0828702
408  -0.0227762
409  0.6328
410  0.47959
411  -0.275298
412  0.752936
413  -0.115661
414  -0.426671
415  0.203098
416  0.270992
417  -0.284626
418  0.456335
419  0.232683
420  -0.0213995
421  -0.0611988
422  -1.14411
423  0.591235
424  -0.183914
425  -0.0222215
426  0.363246
427  -0.317853
428  -0.0375766
429  0.888442
430  1.60053
431  0.560126
432  0.263775
433  -0.127854
434  -0.284261
435  0.0471141
436  0.253764
437  0.0725644
438  0.901142
439  -0.667403
440  0.110105
441  0.522277
442  0.0619455
443  -0.412278
444  -0.486268
445  0.535791
446  0.293776
447  0.173662
448  0.357762
449  -0.260552
450  -0.102336
451  0.185552
452  0.498292
453  0.271173
454  -0.0815602
455  0.0568551
456  1.17538
457  1.01707
458  -0.017416
459  0.212719
460  -1.21743
461  0.25559
462  -0.0639256
463  -0.303457
464  -0.208544
465  0.54294
466  0.901779
467  0.708604
468  -0.337201
469  0.0621491
470  -0.0774656
471  0.108217
472  -0.192869
473  -0.159897
474  0.454934
475  0.235378
476  -0.643947
477  -0.15651
478  0.442696
479  -0.415879
480  0.590415
481  -1.03911
482  -0.488903
483  0.190712
484  1.18502
485  0.0785617
486  0.330431
487  -0.223251
488  -0.757452
489  -0.171069
490  -0.579467
491  -0.938374
492  -0.348987
493  -0.375512
494  -0.262839
495  0.142395
496  -0.625321
497  0.0204267
498  0.780939
499  -0.0411718
500  -0.311193
501  -0.225899
502  -0.289631
503  0.30678
504  -0.450403
505  -0.108734
506  -0.102495
507  0.0127902
508  -0.806568
509  -13.0943
510  -99.0058
511  -384.692
512  -930.671
513  -1624.08
514  -2264.32
515  -2731.97
516  -2982.11
517  -3030.27
518  -2925.17
519  -2722.97
520  -2468.56
521  -2195.45
522  -1927.23
523  -1674.2
524  -1443.3
525  -1238.6
526  -1060.74
527  -909.397
528  -784.525
529  -675.97
530  -584.768
531  -507.892
532  -442.098
533  -386.217
534  -341.377
535  -303.143
536  -273.699
537  -249.255
538  -229.203
539  -208.957
540  -191.79
541  -174.027
542  -156.645
543  -142.629
544  -131.426
545  -121.49
546  -113.298
547  -108.38
548  -105.562
549  -103.807
550  -99.9863
551  -98.774
552  -95.8023
553  -91.1246
554  -86.7086
555  -80.6755
556  -75.7416
557  -68.6448
558  -64.7007
559  -60.4609
560  -57.6797
561  -57.8068
562  -60.6641
563  -61.4433
564  -60.484
565  -60.9691
566  -60.1372
567  -59.0097
568  -57.6352
569  -54.5308
570  -52.2375
571  -49.835
572  -48.7781
573  -47.4732
574  -47.5851
575  -48.9596
576  -51.5798
577  -53.2098
578  -55.3985
579  -56.1427
580  -53.8318
581  -50.9278
582  -46.6503
583  -42.7639
584  -39.803
585  -37.3895
586  -37.8287
587  -38.4768
588  -39.2982
589  -39.5224
590  -38.774
591  -38.4588
592  -39.1259
593  -38.5756
594  -37.4794
595  -36.1135
596  -35.442
597  -34.0843
598  -34.4949
599  -34.08
600  -34.0598
601  -36.8047
602  -37.9057
603  -39.4357
604  -39.4487
605  -38.9075
606  -38.4518
607  -38.5602
608  -36.9102
609  -36.2965
610  -36.6902
611  -39.1733
612  -42.3019
613  -45.9038
614  -49.9603
615  -51.279
616  -51.251
617  -48.789
618  -44.7152
619  -41.3314
620  -35.2131
621  -29.4775
622  -25.1097
623  -21.3812
624  -16.2543
625  -13.7709
626  -12.6631
627  -11.5312
628  -11.9635
629  -12.3152
630  -14.0147
631  -14.1162
632  -14.2454
633  -14.5423
634  -13.0579
635  -10.9719
636  -9.50554
637  -7.96258
638  -6.81561
639  -5.53698
640  -5.90155
641  -6.08241
642  -8.86452
643  -8.65263
644  -9.44299
645  -10.9177
646  -11.2583
647  -11.1389
648  -10.4987
649  -9.13681
650  -9.33273
651  -7.97198
652  -7.38093
653  -8.31621
654  -8.88031
655  -10.0169
656  -10.3622
657  -10.775
658  -11.3903
659  -11.187
660  -10.5812
661  -9.79356
662  -8.46449
663  -7.70868
664  -6.38783
665  -5.32769
666  -4.93928
667  -7.05763
668  -6.25027
669  -5.47387
670  -7.97293
671  -7.84571
672  -8.75952
673  -10.0428
674  -8.20524
675  -7.14719
676  -6.68777
677  -6.9701
678  -6.64421
679  -7.51588
680  -6.31095
681  -6.30385
682  -8.01199
683  -6.84647
684  -7.86695
685  -8.42469
686  -7.45472
687  -7.37476
688  -8.50241
689  -7.25328
690  -6.08981
691  -5.23308
692  -5.23338
693  -5.5434
694  -5.13701
695  -6.45819
696  -6.64181
697  -6.05464
698  -6.81203
699  -7.65003
700  -7.6033
701  -6.48393
702  -6.92929
703  -6.65023
704  -6.127
705  -5.39845
706  -5.07476
707  -6.64995
708  -6.62658
709  -7.92651
710  -11.2419
711  -13.4232
712  -17.7104
713  -19.9285
714  -20.965
715  -22.7169
716  -25.1574
717  -25.2959
718  -25.0242
719  -24.8019
720  -26.0269
721  -25.4563
722  -25.4579
723  -27.2068
724  -27.1669
725  -27.7499
726  -27.4771
727  -27.1611
728  -26.9041
729  -25.9255
730  -26.5983
731  -27.6976
732  -29.4577
733  -31.174
734  -31.6775
735  -32.5383
736  -31.4658
737  -27.9667
738  -23.4236
739  -16.484
740  -11.0216
741  -5.6596
742  0.301946
743  4.98947
744  9.31625
745  12.2524
746  13.4258
747  14.3246
748  15.5259
749  16.3355
750  15.7727
751  14.8236
752  14.7952
753  14.4695
754  15.2792
755  15.2211
756  14.1488
757  14.0772
758  12.9893
759  12.5768
760  12.3692
761  11.7742
762  11.5006
763  10.3984
764  10.1145
765  9.495
766  8.7675
767  8.70616
768  7.95153
769  9.42335
770  8.57652
771  9.57118
772  7.96529
773  7.71393
774  7.39624
775  7.75835
776  6.67782
777  6.13939
778  6.08789
779  5.89573
780  6.24971
781  6.09815
782  6.17785
783  6.4074
784  5.63995
785  6.04367
786  5.86066
787  4.55138
788  4.95556
789  4.35295
790  4.5919
791  5.2056
792  3.61432
793  4.16346
794  3.23655
795  4.36689
796  3.66101
797  3.88778
798  3.78148
799  3.90975
800  3.68046
801  3.29174
802  2.70922
803  3.38713
804  3.47292
805  3.66149
806  3.92282
807  2.67424
808  2.18519
809  3.61873
810  3.49259
811  3.34193
812  2.63472
813  3.43688
814  3.19655
815  3.36694
816  2.28531
817  1.57051
818  1.99568
819  2.36531
820  2.90734
821  2.58406
822  2.13377
823  3.06535
824  2.91579
825  2.46587
826  3.01697
827  2.52327
828  2.0469
829  1.93447
830  1.74747
831  2.38739
832  1.93877
833  2.82971
834  2.16914
835  2.76202
836  2.33851
837  2.75641
838  3.16068
839  3.081
840  2.65907
841  2.00117
842  2.61954
843  2.68054
844  1.70181
845  1.94931
846  2.65834
847  3.27661
848  2.76385
849  3.06887
850  2.0624
851  2.83344
852  4.77157
853  3.34722
854  2.77882
855  2.20525
856  2.29746
857  1.75403
858  2.35415
859  2.736
860  2.03803
861  1.95748
862  1.96433
863  2.67383
864  2.14088
865  2.48992
866  1.73006
867  1.88365
868  0.9376
869  1.55442
870  2.6302
871  1.51297
872  2.40837
873  1.62438
874  1.47473
875  2.0118
876  1.79965
877  2.34842
878  1.79043
879  1.56143
880  1.43814
881  2.19806
882  1.46722
883  1.95583
884  2.18204
885  1.167
886  1.62975
887  0.717402
888  1.12621
889  1.65792
890  1.64513
891  1.61193
892  2.57778
893  1.68219
894  2.72211
895  2.03237
896  1.47022
897  2.10965
898  0.647553
899  0.640384
900  0.510222
901  1.03807
902  0.880655
903  0.465159
904  1.34916
905  1.65384
906  2.10035
907  1.4868
908  1.15937
909  1.40967
910  -0.0989535
911  0.958643
912  0.192669
913  0.210181
914  1.83785
915  0.853362
916  0.377342
917  1.15191
918  1.11398
919  0.690347
920  1.32535
921  -0.0500807
922  0.110959
923  0.969038
924  0.522273
925  0.345233
926  0.647129
927  0.584436
928  1.07653
929  0.456312
930  0.658742
931  0.629113
932  0.370556
933  0.818416
934  0.164551
935  0.480152
936  -0.0224262
937  0.456166
938  0.281576
939  0.535958
940  0.995622
941  1.98196
942  0.828044
943  1.3355
944  1.07535
945  0.687147
946  1.28664
947  0.888021
948  1.46965
949  1.6795
950  1.90383
951  0.222539
952  1.05809
953  1.54511
954  1.6069
955  0.989327
956  1.48745
957  2.1471
958  2.11877
959  1.46429
960  1.62289
961  1.37558
962  1.61951
963  2.00907
964  1.53939
965  1.55793
966  1.39906
967  0.832312
968  1.58419
969  1.55163
970  1.17645
971  1.38732
972  2.29387
973  1.90148
974  1.29258
975  1.6094
976  1.26927
977  -0.0615703
978  0.344705
979  1.08306
980  0.941503
981  0.546488
982  0.558105
983  1.15871
984  1.2164
985  0.693387
986  0.505707
987  0.317568
988  0.330167
989  -0.0369495
990  -0.80455
991  0.469578
992  0.502584
993  0.530128
994  1.02762
995  0.501725
996  0.802806
997  1.06141
998  -0.0727906
999  0.406238
1000  -0.91265
1001  0.448018
1002  0.85649
1003  1.3633
1004  0.288643
1005  -0.109681
1006  0.127505
1007  -0.175948
1008  0.850515
1009  0.681679
1010  -0.00234145
1011  0.611622
1012  0.0185322
1013  1.10001
1014  0.0738561
1015  0.465051
1016  0.925292
1017  0.55069
1018  -0.769915
1019  1.31896
1020  0.343414
1021  1.10582
1022  -0.448234
1023  -0.587853
1024  0.497442
1025  0.118996
1026  0.641613
1027  0.853709
1028  0.832575
1029  1.09388
1030  0.0550857
1031  0.193689
1032  -0.0364584
1033  0.498665
1034  -0.285346
1035  -0.224293
1036  0.572596
1037  0.31714
1038  0.105779
1039  0.257069
1040  0.0677482
1041  -0.32621
1042  -0.0675011
1043  0.112047
1044  0.278821
1045  0.0656026
1046  0.736297
1047  0.83666
1048  1.20589
1049  0.596311
1050  1.2809
1051  1.36667
1052  0.486447
1053  0.882885
1054  0.538864
1055  -0.117433
1056  0.701096
1057  0.211831
1058  0.5396
1059  0.776918
1060  0.0877531
1061  -0.240182
1062  0.457966
1063  -0.111535
1064  -0.31464
1065  -0.0375269
1066  0.497052
1067  0.232222
1068  0.240697
1069  0.455297
1070  0.910266
1071  1.37583
1072  0.748352
1073  0.204919
1074  0.675465
1075  -0.0978019
1076  0.369841
1077  0.829026
1078  0.536067
1079  0.253842
1080  0.962994
1081  1.15197
1082  -0.0155513
1083  0.129124
1084  1.36446
1085  -0.204958
1086  0.236914
1087  1.10519
1088  0.371897
1089  0.0678572
1090  -0.222964
1091  0.394246
1092  0.409963
1093  0.55481
1094  0.906593
1095  0.864199
1096  -0.296777
1097  0.565923
1098  0.356413
1099  1.37143
1100  0.519882
1101  0.826902
1102  0.286756
1103  -0.106026
1104  0.675317
1105  0.622872
1106  0.590632
1107  -0.797492
1108  0.348249
1109  0.138147
1110  0.797968
1111  -0.633923
1112  0.313441
1113  0.673189
1114  0.617464
1115  -0.646397
1116  0.595162
1117  -0.0893175
1118  0.199074
1119  0.00172594
1120  0.215209
1121  0.345741
1122  0.482147
1123  0.518174
1124  1.10903
1125  0.588646
1126  1.26891
1127  0.846948
1128  0.95638
1129  1.20925
1130  0.213335
1131  0.825682
1132  0.631439
1133  -0.0262945
1134  0.436021
1135  0.230037
1136  0.90083
1137  -0.250182
1138  0.129671
1139  0.445469
1140  0.665425
1141  0.196049
1142  0.128765
1143  -0.306729
1144  0.35703
1145  0.694879
1146  0.716142
1147  0.446279
1148  -0.0847213
1149  -0.607031
1150  -0.714936
1151  0.108767
1152  0.938437
1153  0.423133
1154  -0.0977283
1155  0.273124
1156  0.406915
1157  -1.04547
1158  -0.3986
1159  0.16146
1160  0.339394
1161  -0.150066
1162  -1.01263
1163  0.0601682
1164  0.567462
1165  0.193395
1166  0.246154
1167  -0.0664169
1168  1.01355
1169  0.606645
1170  -0.336625
1171  0.630795
1172  -0.0177472
1173  0.613476
1174  -0.274947
1175  0.939799
1176  0.121394
1177  -0.490206
1178  0.750824
1179  0.0477687
1180  -0.89351
1181  0.501872
1182  -0.0814641
1183  0.690601
1184  0.62366
1185  -0.0490929
1186  -0.185319
1187  -0.0436116
1188  -0.109179
1189  -0.190408
1190  -0.116757
1191  0.276169
1192  0.280595
1193  0.734027
1194  1.5343
1195  0.317137
1196  -0.319547
1197  0.256457
1198  -0.0178014
1199  0.522865
1200  -0.298906
1201  0.464251
1202  0.393803
1203  0.268516
1204  0.885309
1205  0.137397
1206  0.566332
1207  -0.0157168
1208  0.0247507
1209  -0.345484
1210  -0.945463
1211  0.915863
1212  0.97435
1213  -0.12134
1214  0.0205693
1215  -0.207244
1216  -0.117497
1217  -0.399923
1218  -0.657706
1219  -0.0723327
1220  0.0267116
1221  0.0268119
1222  0.436113
1223  1.22987
1224  0.701362
1225  0.223455
1226  0.575874
1227  0.457074
1228  0.06935
1229  0.206702
1230  0.0418064
1231  -0.234186
1232  -0.321808
1233  0.0353783
1234  -0.538716
1235  0.150721
1236  -0.365248
1237  -0.786158
1238  -0.756462
1239  0.0367847
1240  0.173823
1241  0.255431
1242  0.130808
1243  -0.0466466
1244  -0.154144
1245  0.157006
1246  0.20547
1247  0.206667
1248  -0.421147
1249  0.234948
1250  0.747068
1251  0.400784
1252  0.720419
1253  -0.651411
1254  -0.0959784
1255  -0.1292
1256  0.0595379
1257  -0.104457
1258  0.0769335
1259  0.179309
1260  0.443616
1261  0.0706637
1262  0.0581817
1263  0.429043
1264  0.614215
1265  0.475214
1266  -0.277927
1267  -0.428839
1268  1.16442
1269  0.916912
1270  0.102164
1271  0.0352222
1272  0.0621704
1273  -1.24153
1274  0.841527
1275  0.482742
1276  -0.340691
1277  -0.0594843
1278  0.517602
1279  -0.727463
1280  0.0933098
1281  0.61175
1282  0.0545888
1283  -0.106093
1284  -0.120668
1285  0.15219
1286  0.570793
1287  -0.571702
1288  0.0711276
1289  0.109974
1290  -0.0982587
1291  0.296572
1292  -0.513376
1293  0.672811
1294  -0.296469
1295  1.21967
1296  0.00507007
1297  -0.118458
1298  0.0989752
1299  0.633478
1300  0.827308
1301  -0.793986
1302  1.36313
1303  0.0676537
1304  0.00819833
1305  0.750664
1306  -0.32707
1307  0.823098
1308  -0.150675
1309  1.00557
1310  0.155366
1311  -0.21309
1312  0.578573
1313  0.657374
1314  1.31597
1315  0.907967
1316  0.374779
1317  0.72974
1318  0.413548
1319  0.532648
1320  1.12505
1321  0.508881
1322  0.42539
1323  -1.03939
1324  -0.280218
1325  -0.460169
1326  0.2267
1327  -0.117646
1328  -0.0718675
1329  0.589862
1330  -0.158896
1331  0.320789
1332  -0.308226
1333  -0.0843883
1334  0.687181
1335  0.133326
1336  -0.304223
1337  -0.807357
1338  1.26905
1339  -0.226687
1340  0.135221
1341  -0.344908
1342  0.349557
1343  0.441282
1344  0.0647651
1345  -0.0642839
1346  -0.0317831
1347  -0.116644
1348  0.58609
1349  0.993175
1350  0.746701
1351  -0.770434
1352  0.0453471
1353  -0.353011
1354  0.463208
1355  0.320297
1356  0.549973
1357  0.821156
1358  0.432559
1359  0.345593
1360  0.534008
1361  0.0204417
1362  0.787532
1363  -0.365852
1364  -0.693592
1365  0.186395
1366  -0.150538
1367  -0.27491
1368  -0.0609026
1369  -0.1282
1370  -0.187956
1371  0.207707
1372  -0.633205
1373  1.08744
1374  0.669133
1375  0.292802
1376  0.126277
1377  -0.515964
1378  0.271081
1379  0.252931
1380  0.993027
1381  1.36059
1382  0.603329
1383  0.277751
1384  -1.19803
1385  -0.464136
1386  0.784484
1387  0.153295
1388  0.118563
1389  -0.538506
1390  0.854848
1391  0.200581
1392  -1.04304
1393  -1.23788
1394  -0.657069
1395  0.0762299
1396  0.30599
1397  -0.350843
1398  -0.608235
1399  -0.319762
1400  0.286331
1401  -0.10802
1402  -0.0799438
1403  -0.229976
1404  0.079572
1405  0.00448004
1406  0.556272
1407  -0.073364
1408  0.00340713
1409  0.0796831
1410  1.0103
1411  1.03164
1412  -0.34046
1413  0.572023
1414  -0.0538309
1415  0.48587
1416  -0.538941
1417  -0.64568
1418  -0.0579926
1419  -0.651239
1420  0.878045
1421  -0.135112
1422  0.228221
1423  0.717226
1424  0.752511
1425  -0.368459
1426  -0.184289
1427  0.025906
1428  0.342273
1429  -0.222745
1430  -0.299235
1431  0.0730345
1432  0.278486
1433  -0.571371
1434  0.646982
1435  0.0848776
1436  0.213447
1437  0.739687
1438  -0.477109
1439  0.603119
1440  1.21275
1441  0.827899
1442  0.599992
1443  0.525724
1444  0.603447
1445  0.587331
1446  0.284348
1447  -0.0475056
1448  0.698264
1449  -0.233588
1450  0.884435
1451  -0.21993
1452  0.240371
1453  0.420475
1454  -0.239582
1455  0.521848
1456  0.528851
1457  -0.26501
1458  -0.163706
1459  0.68004
1460  0.138612
1461  0.0434273
1462  -0.927427
1463  0.2908
1464  -1.24004
1465  -1.06659
1466  0.129557
1467  0.168555
1468  -0.269709
1469  0.412643
1470  -0.196441
1471  -0.0401406
1472  -0.0990199
1473  0.307056
1474  -0.130862
1475  0.0214503
1476  0.234803
1477  -0.0257311
1478  0.631376
1479  0.584593
1480  0.104744
1481  -0.104424
1482  -0.276262
1483  -0.378532
1484  -0.904115
1485  0.567816
1486  0.297854
1487  -0.76664
1488  -0.51865
1489  0.503817
1490  0.155468
1491  -0.115274
1492  0.102049
1493  -0.540418
1494  0.42796
1495  0.498066
1496  -0.239282
1497  -0.559066
1498  -0.0659007
1499  0.101619
1500  0.804445
1501  0.380194
1502  -1.14184
1503  -0.132796
1504  0.0132888
1505  0.688054
1506  0.397897
1507  -0.267365
1508  -0.493372
1509  -0.00494587
1510  1.07134
1511  0.344744
1512  -0.374879
1513  -0.203677
1514  0.518764
1515  -0.44615
1516  -0.119476
1517  -0.459292
1518  -0.140036
1519  0.524206
1520  0.26778
1521  0.549242
1522  -0.300029
1523  0.0785603
1524  0.539265
1525  -0.680033
1526  -0.762036
1527  -0.209782
1528  0.107705
1529  -0.22744
1530  -0.448733
1531  -0.222939
1532  -0.91251
1533  0.00510023
1534  0.792665
1535  0.0534178
1536  -0.478166
1537  0.371588
1538  0.369987
1539  -0.0504725
1540  -0.503845
1541  -0.471535
1542  -0.555707
1543  0.191478
1544  -0.448535
1545  -0.13231
1546  0.637771
1547  0.331448
1548  0.346858
1549  0.0348128
1550  0.111914
1551  0.146779
1552  0.515175
1553  -1.1661
1554  0.148274
1555  -0.788757
1556  0.00237249
1557  -0.363571
1558  0.79494
1559  0.00539825
1560  0.268536
1561  0.775496
1562  0.0158771
1563  -0.388523
1564  0.734508
1565  -0.321286
1566  -0.278345
1567  -0.458817
1568  -0.281691
1569  0.380923
1570  1.00127
1571  -0.0924448
1572  0.892664
1573  1.02385
1574  0.663315
1575  0.141668
1576  1.32809
1577  -0.084102
1578  -0.35805
1579  0.18687
1580  -0.810909
1581  -0.378928
1582  -1.06232
1583  -0.15581
1584  0.959407
1585  -1.06644
1586  0.0892811
1587  -0.0463241
1588  -0.601342
1589  -0.204854
1590  1.07953
1591  -0.253612
1592  -0.199438
1593  -0.403429
1594  -0.0130782
1595  -0.532131
1596  -0.601808
1597  -0.475305
1598  -0.0302126
1599  0.0275376
1600  0.835838
1601  0.585321
1602  0.132819
1603  0.0277841
1604  -0.613232
1605  0.559536
1606  -0.135138
1607  0.0768541
1608  0.71908
1609  0.221584
1610  0.459062
1611  0.269926
1612  -0.139389
1613  -0.0860272
1614  0.323834
1615  -0.181956
1616  -0.748254
1617  -0.00455536
1618  -0.0978879
1619  -0.482629
1620  0.396541
1621  0.0914924
1622  -0.766267
1623  -0.0551272
1624  -0.138479
1625  -0.585443
1626  0.0953298
1627  -0.627729
1628  0.199413
1629  0.146199
1630  0.383619
1631  -0.12838
1632  0.141638
1633  0.611949
1634  0.752052
1635  0.367408
1636  0.0993058
1637  0.215488
1638  -0.124823
1639  -0.298823
1640  0.298018
1641  0.141759
1642  1.00741
1643  -0.645727
1644  -0.356063
1645  -0.85163
1646  0.857044
1647  0.112723
1648  -0.656396
1649  -0.276112
1650  -0.767654
1651  -0.819618
1652  -0.36896
1653  0.157486
1654  0.372697
1655  0.107894
1656  0.735742
1657  -0.535434
1658  0.706153
1659  0.78974
1660  0.887709
1661  -0.0438635
1662  0.270931
1663  -0.600594
1664  -0.00175327
1665  -0.0172266
1666  0.0623919
1667  -0.138201
1668  0.427393
1669  0.396417
1670  0.594507
1671  -0.21144
1672  0.878349
1673  0.286117
1674  0.346853
1675  0.115547
1676  -0.419242
1677  0.17007
1678  -0.482611
1679  0.11256
1680  0.314268
1681  1.4118
1682  -0.825872
1683  -0.31356
1684  0.00657141
1685  -0.226627
1686  0.133443
1687  -0.726191
1688  0.00196018
1689  -0.350636
1690  -0.525422
1691  -0.0623677
1692  -0.293787
1693  0.341136
1694  -0.352453
1695  0.0691984
1696  0.166929
1697  -0.0853631
1698  -0.681316
1699  -0.192961
1700  0.292931
1701  -0.130527
1702  0.165963
1703  0.682346
1704  0.368665
1705  0.243872
1706  -0.212747
1707  0.0118673
1708  -0.271483
1709  0.315957
1710  0.15141
1711  -0.556203
1712  -0.394387
1713  -0.0857387
1714  -0.157389
1715  0.236268
1716  0.54373
1717  0.251958
1718  0.175608
1719  -0.241864
1720  -0.49564
1721  0.544889
1722  0.638488
1723  0.259858
1724  0.501933
1725  0.437788
1726  0.237887
1727  -0.403512
1728  0.505284
1729  0.491167
1730  0.162931
1731  -0.109427
1732  -0.145518
1733  -1.00413
1734  -0.0296876
1735  -0.0849322
1736  -0.844559
1737  0.0658824
1738  -0.721224
1739  -0.328276
1740  0.448447
1741  -0.819786
1742  0.0354637
1743  0.367152
1744  -0.766011
1745  0.235054
1746  0.804057
1747  -0.269765
1748  0.221996
1749  0.819458
1750  0.478689
1751  0.487445
1752  0.887457
1753  -0.331095
1754  0.147391
1755  0.452012
1756  -0.192875
1757  -0.0105931
1758  0.691265
1759  0.764105
1760  -0.351153
1761  -0.523257
1762  0.224054
1763  0.875777
1764  0.857092
1765  0.815153
1766  -0.368771
1767  0.391011
1768  -0.373185
1769  0.525132
1770  -0.146285
1771  -0.189594
1772  0.277416
1773  0.416139
1774  -0.576084
1775  0.267481
1776  -0.117687
1777  0.367184
1778  -0.333621
1779  -0.813025
1780  0.481498
1781  0.436305
1782  0.0341809
1783  0.567626
1784  0.122519
1785  0.138685
1786  0.19873
1787  0.124729
1788  0.310069
1789  0.851528
1790  -0.288825
1791  0.327852
1792  0.644385
1793  0.565568
1794  0.750157
1795  0.532518
1796  -0.0293692
1797  0.0549764
1798  0.980396
1799  1.14577
1800  0.180528
1801  -0.239521
1802  -1.2967
1803  0.345877
1804  0.348515
1805  0.975662
1806  -0.508169
1807  -0.203806
1808  -0.308779
1809  0.495929
1810  0.0323641
1811  0.132655
1812  0.102097
1813  -0.785767
1814  -0.769036
1815  -0.366884
1816  0.0163499
1817  0.399813
1818  -0.0953389
1819  0.815573
1820  0.228245
1821  -0.154704
1822  0.315788
1823  0.289937
1824  -0.203541
1825  0.344038
1826  0.59018
1827  1.05645
1828  0.974795
1829  -0.361973
1830  -0.13759
1831  -0.458589
1832  0.0140801
1833  0.690046
1834  0.459076
1835  0.0213104
1836  0.351829
1837  -0.227592
1838  0.551889
1839  0.423734
1840  0.0304515
1841  0.158169
1842  0.907029
1843  1.06345
1844  0.522506
1845  -0.421463
1846  0.22877
1847  -0.755108
1848  -0.51524
1849  0.0744844
1850  0.369891
1851  -0.160645
1852  -0.0644563
1853  -0.0519002
1854  0.477825
1855  0.676808
1856  0.497318
1857  -1.05215
1858  -0.628321
1859  -0.51236
1860  -0.21169
1861  0.756768
1862  -0.280929
1863  -0.0187734
1864  -0.454487
1865  -0.45486
1866  0.032722
1867  0.154146
1868  -0.424681
1869  0.532318
1870  -0.52452
1871  0.691782
1872  -0.00998402
1873  0.515466
1874  1.39426
1875  0.24468
1876  0.404278
1877  -0.164833
1878  -0.926482
1879  0.477685
1880  0.443919
1881  -0.439624
1882  -0.727955
1883  -0.215503
1884  0.432036
1885  0.184092
1886  -0.965708
1887  -0.394357
1888  -0.472454
1889  -0.417337
1890  0.11341
1891  0.279696
1892  0.197496
1893  0.540457
1894  0.479538
1895  0.513952
1896  -0.227951
1897  0.563239
1898  -0.17533
1899  -0.224056
1900  0.269299
1901  0.29218
1902  -0.630744
1903  -0.363484
1904  0.00967197
1905  0.000955309
1906  -0.251207
1907  -0.115756
1908  0.138213
1909  -0.420448
1910  -0.325613
1911  0.0933975
1912  0.732436
1913  0.201354
1914  0.241612
1915  0.104655
1916  -0.615428
1917  0.552722
1918  -0.526694
1919  0.20029
1920  -0.00671415
1921  -0.588842
1922  0.0494318
1923  0.720683
1924  -0.387543
1925  0.00128189
1926  -0.43353
1927  -1.11058
1928  -1.12902
1929  -0.506965
1930  0.12154
1931  -0.288414
1932  -0.275791
1933  0.466459
1934  -0.761155
1935  -0.445824
1936  -0.0599136
1937  -0.285691
1938  -0.232474
1939  1.17555
1940  0.174352
1941  -1.47585
1942  -0.225207
1943  -0.415791
1944  -0.81976
1945  -0.0125001
1946  -0.426326
1947  -0.36714
1948  0.344196
1949  -0.116016
1950  0.387773
1951  0.603986
1952  0.040552
1953  -0.167068
1954  0.331051
1955  -0.295574
1956  0.747458
1957  0.369297
1958  0.580091
1959  -0.586621
1960  0.247802
1961  -0.304067
1962  -0.138314
1963  -0.0685708
1964  -0.983565
1965  -0.620692
1966  0.438301
1967  0.713457
1968  -0.23051
1969  -0.185962
1970  -1.11269
1971  -0.306918
1972  -1.42606
1973  -0.481698
1974  -0.310134
1975  1.49751
1976  -0.0324988
1977  -0.154445
1978  0.0854539
1979  0.949256
1980  0.267828
1981  0.291089
1982  1.36824
1983  -0.465565
1984  -0.531054
1985  -0.353936
1986  -0.660513
1987  -0.196854
1988  0.474741
1989  0.26896
1990  0.745886
1991  -0.608706
1992  -1.33654
1993  0.392116
1994  -0.443621
1995  -1.26674
1996  -0.403581
1997  0.133564
1998  -0.130256
1999  -0.0382093
2000  -0.154982
2001  0.481688
2002  1.00173
2003  0.71447
2004  -0.0531136
2005  0.243156
2006  0.337934
2007  0.601893
2008  0.653225
2009  0.0111972
2010  0.280828
2011  0.422908
2012  0.0304259
2013  -0.973575
2014  0.121948
2015  0.589026
2016  0.362627
2017  0.822796
2018  0.195606
2019  0.052666
2020  -0.300186
2021  -0.250447
2022  -0.37842
2023  1.08225
2024  0.852322
2025  -0.0575334
2026  0.580894
2027  0.186561
2028  0.508344
2029  0.531716
2030  1.07209
2031  0.83229
2032  0.414963
2033  -0.840854
2034  -0.129199
2035  -0.0374991
2036  0.92521
2037  -0.0409439
2038  0.28935
2039  0.564078
2040  0.225092
2041  0.456732
2042  -0.72597
2043  -0.171869
2044  -0.951718
2045  -0.358724
2046  1.47316
2047  0.59617
2048  1.25996
2049  0.564108
2050  0.356944
2051  0.177022
2052  0.132219
2053  -0.536739
2054  -0.786743
2055  -1.06719
2056  -0.223256
2057  -0.605651
2058  -0.80392
2059  -0.491713
2060  -0.453872
2061  -0.866301
2062  -0.703371
2063  -0.196304
2064  0.244723
2065  0.754216
2066  0.962361
2067  0.718855
2068  0.351008
2069  -0.436823
2070  -0.792558
2071  0.417509
2072  -0.621157
2073  1.02691
2074  0.653752
2075  -0.799756
2076  -0.568989
2077  0.768928
2078  0.158856
2079  -0.0803168
2080  1.24009
2081  -0.0643173
2082  -0.768314
2083  -0.0883336
2084  -1.10017
2085  -0.364914
2086  0.227166
2087  0.487905
2088  0.728623
2089  -0.179294
2090  -0.279093
2091  0.157448
2092  -0.174904
2093  0.0538908
2094  0.829956
2095  -0.529023
2096  -0.269878
2097  0.534689
2098  0.0363308
2099  0.403977
2100  0.0340081
2101  -7.41597e-06
2102  -0.50643
2103  0.675514
2104  -0.177413
2105  -0.968423
2106  0.0372881
2107  0.541498
2108  -0.393699
2109  -0.0914938
2110  0.549079
2111  -0.156067
2112  0.0735617
2113  -0.308966
2114  -0.0674476
2115  0.329285
2116  -0.777103
2117  -0.187479
2118  -0.00594981
2119  0.179793
2120  0.120507
2121  0.770825
2122  -0.00114516
2123  0.0127232
2124  -0.873408
2125  0.14921
2126  -0.70356
2127  0.121607
2128  -0.254846
2129  -0.518301
2130  0.153187
2131  -0.126189
2132  0.981851
2133  0.627786
2134  -0.297066
2135  0.0327833
2136  1.7821
2137  0.427896
2138  0.84547
2139  -0.297068
2140  -0.533983
2141  1.69695
2142  0.574455
2143  -1.0221
2144  -0.0742238
2145  0.00406399
2146  0.0881566
2147  0.921824
2148  -0.066212
2149  -0.303485
2150  -0.239984
2151  0.933822
2152  -0.889805
2153  -0.472085
2154  0.414086
2155  0.580683
2156  -0.909624
2157  0.528975
2158  -0.23584
2159  1.00008
2160  0.191298
2161  -0.307399
2162  -0.102663
2163  -0.451336
2164  0.466868
2165  0.814775
2166  -0.34148
2167  -1.00351
2168  -0.47686
2169  -0.811913
2170  0.32136
2171  -0.555458
2172  0.689241
2173  0.310508
2174  -0.706912
2175  0.131832
2176  -0.259625
2177  0.0887065
2178  -0.542971
2179  -0.248725
2180  0.209158
2181  0.492796
2182  -0.0785715
2183  0.0762432
2184  0.598506
2185  -0.280547
2186  0.0621415
2187  -0.603462
2188  -0.0662599
2189  -0.0543148
2190  -1.16303
2191  0.517122
2192  0.285643
2193  -0.0876481
2194  -0.243824
2195  -0.555401
2196  -0.774499
2197  -0.215745
2198  -0.926972
2199  -0.552951
2200  -0.174211
2201  -0.395026
2202  -0.936783
2203  -0.399528
2204  -0.145851
2205  0.279302
2206  0.0699348
2207  -0.556529
2208  0.0962649
2209  -0.740424
2210  0.717932
2211  0.350245
2212  0.21553
2213  1.1706
2214  0.313561
2215  -1.49205
2216  0.212518
2217  -0.0842376
2218  -0.695299
2219  -0.757578
2220  0.591898
2221  -0.311999
2222  -0.428765
2223  0.176062
2224  0.190123
2225  1.32862
2226  0.445712
2227  0.59046
2228  -0.0299355
2229  -0.0457552
2230  0.481214
2231  -0.556429
2232  -0.664526
2233  -0.285314
2234  -1.02376
2235  -0.433025
2236  -0.960704
2237  -0.755816
2238  0.666068
2239  0.31984
2240  -0.259537
2241  -0.45282
2242  -0.313551
2243  -0.760039
2244  -0.122468
2245  -0.159996
2246  -0.370425
2247  0.121257
2248  0.022645
2249  0.347808
2250  -0.0140943
2251  0.00279286
2252  -0.53886
2253  0.308566
2254  0.373502
2255  -0.616787
2256  0.600832
2257  -0.236807
2258  0.00837987
2259  -0.274037
2260  -0.141626
2261  -0.0154129
2262  -0.424635
2263  0.448561
2264  -0.412512
2265  0.90622
2266  -0.276406
2267  0.0783575
2268  -0.903681
2269  0.50327
2270  -0.670727
2271  -0.620797
2272  1.24283
2273  -0.0592397
2274  0.054083
2275  -0.495769
2276  -0.0433011
2277  -0.225158
2278  0.018467
2279  0.226476
2280  0.194612
2281  0.270063
2282  0.340464
2283  -0.239129
2284  -0.0936483
2285  0.201818
2286  0.834702
2287  0.0243181
2288  -0.939643
2289  0.160277
2290  0.496604
2291  -0.992606
2292  -0.592821
2293  -0.890611
2294  0.261476
2295  0.21353
2296  -0.428874
2297  -0.554578
2298  -0.407159
2299  0.76478
2300  -0.216712
2301  0.72134
2302  0.401066
2303  0.638603
2304  -0.665614
2305  -1.06775
2306  -0.585527
2307  0.265625
2308  1.62718
2309  0.131031
2310  -0.795841
2311  0.0311592
2312  0.102834
2313  -0.878445
2314  -0.294284
2315  -0.741353
2316  0.100156
2317  -0.131232
2318  0.0251749
2319  0.188777
2320  -0.00183312
2321  -0.739092
2322  1.12615
2323  0.629203
2324  -0.490291
2325  0.0898895
2326  -0.504436
2327  0.0133662
2328  -1.53225
2329  -1.3372
2330  -1.1463
2331  0.557349
2332  0.53128
2333  -0.292865
2334  -0.848806
2335  -0.423739
2336  0.652002
2337  -0.441815
2338  0.240117
2339  0.108571
2340  -0.0396043
2341  0.465309
2342  -0.274767
2343  0.734789
2344  0.384332
2345  0.302563
2346  -0.481946
2347  -0.14295
2348  0.434241
2349  0.276054
2350  -0.810901
2351  -0.497052
2352  0.630216
2353  0.43547
2354  -0.675093
2355  0.20504
2356  0.345907
2357  0.781983
2358  0.368773
2359  -0.881194
2360  0.22386
2361  -0.323114
2362  -0.00493085
2363  0.465547
2364  -0.783986
2365  -0.10322
2366  0.114059
2367  0.0579294
2368  0.525965
2369  0.271623
2370  0.0663104
2371  0.0137124
2372  -0.691541
2373  -0.0397827
2374  -0.355571
2375  -1.30051
2376  -0.215753
2377  -0.233586
2378  -0.171694
2379  1.27321
2380  0.358997
2381  -0.475969
2382  1.17001
2383  0.733748
2384  0.00698785
2385  -0.210251
2386  0.073621
2387  -0.00143416
2388  -0.964714
2389  -0.0579668
2390  0.079884
2391  -0.960485
2392  -0.517808
2393  -0.637631
2394  -0.0350345
2395  0.0358299
2396  0.446734
2397  -0.290494
2398  -0.672454
2399  -0.0502269
2400  -0.212806
2401  -0.310161
2402  0.310117
2403  -0.235359
2404  -0.801954
2405  0.0414218
2406  -0.763543
2407  0.0199994
2408  0.517313
2409  0.187353
2410  0.341959
2411  -0.923272
2412  0.465745
2413  -0.0543098
2414  0.153193
2415  0.728378
2416  0.18576
2417  -0.469469
2418  -0.142239
2419  -0.549025
2420  -0.130321
2421  -0.680702
2422  0.364172
2423  -0.0359293
2424  -0.202675
2425  1.13131
2426  0.466825
2427  -0.0922061
2428  -0.822427
2429  -0.272199
2430  0.535502
2431  -0.394242
2432  0.529211
2433  -0.257987
2434  -0.273466
2435  -0.615685
2436  0.395252
2437  -0.23564
2438  0.0694939
2439  0.535364
2440  -0.166969
2441  -1.43339
2442  -0.580571
2443  -0.380888
2444  0.305136
2445  0.258811
2446  0.966069
2447  0.467163
2448  -0.31164
2449  -0.00499004
2450  0.260415
2451  -0.105908
2452  0.783267
2453  -0.194448
2454  0.0522085
2455  0.445338
2456  0.0883201
2457  -0.19608
2458  0.369146
2459  0.316021
2460  -0.528954
2461  -0.484397
2462  0.0166712
2463  0.130465
2464  0.383316
2465  0.165705
2466  0.487849
2467  0.164168
2468  -0.485502
2469  -0.28898
2470  -0.247332
2471  -0.641198
2472  -0.485882
2473  -0.261068
2474  -1.36435
2475  0.576187
2476  0.824664
2477  -0.0591459
2478  -1.02665
2479  -0.29203
2480  -0.0378391
2481  -0.876651
2482  -0.191776
2483  -1.09249
2484  -0.85501
2485  -0.34834
2486  0.155448
2487  0.971379
2488  0.172615
2489  0.0631602
2490  0.279978
2491  0.0907113
2492  -0.50859
2493  -0.616774
2494  -0.337397
2495  -0.538724
2496  -0.229507
2497  0.127869
2498  -0.311548
2499  -0.792945
2500  -0.407831
2501  -0.250279
2502  0.0253026
2503  0.314304
2504  -1.31988
2505  0.12996
2506  -0.338252
2507  0.624377
2508  0.927643
2509  0.338471
2510  -0.334184
2511  0.705677
2512  -0.0340464
2513  0.432387
2514  -0.221947
2515  -0.478426
2516  -0.483811
2517  -0.1423
2518  0.706732
2519  -0.142628
2520  -0.423031
2521  -0.334967
2522  -0.0574959
2523  0.298264
2524  -0.0569375
2525  -0.548941
2526  0.519792
2527  0.0397899
2528  -0.830568
2529  -1.07273
2530  0.0554704
2531  -0.631465
2532  -0.289385
2533  -0.361034
2534  0.164133
2535  0.126147
2536  -0.0564571
2537  -0.018736
2538  0.0873987
2539  0.627098
2540  -0.284193
2541  0.0952688
2542  -0.52983
2543  -0.656145
2544  -0.703894
2545  0.115745
2546  -0.221625
2547  -0.143376
2548  0.325329
2549  0.423405
2550  0.630711
2551  1.24586
2552  0.365658
2553  0.00648114
2554  -0.315316
2555  0.745553
2556  0.245358
2557  -0.0261856
2558  -1.2827
2559  0.204639
