0  0.0506817
1  -0.339779
2  -0.0995229
3  -0.0365456
4  -0.409311
5  0.0836159
6  0.469699
7  -0.0262342
8  -0.190353
9  -0.227656
10  -0.0867393
11  -0.224451
12  -0.520336
13  -0.450206
14  0.0151577
15  -0.100698
16  -0.367446
17  -0.18822
18  -0.01714
19  0.120776
20  -0.208784
21  -0.394981
22  -0.346425
23  -0.187735
24  -0.267563
25  -0.221198
26  0.473571
27  0.0174892
28  -0.0145389
29  -0.207078
30  -0.248805
31  -0.706641
32  0.102993
33  0.000920433
34  -0.0210947
35  -0.161326
36  -0.38518
37  -0.368913
38  0.151022
39  0.042121
40  -0.133679
41  -0.15251
42  0.159863
43  -0.0724277
44  0.0509247
45  -0.0505495
46  -0.439353
47  -0.309623
48  -0.146505
49  -0.220464
50  0.0983888
51  -0.172932
52  0.132882
53  -0.0585422
54  -0.472415
55  -0.176046
56  0.0480791
57  0.0685511
58  0.1335
59  -0.339192
60  -0.00331548
61  -0.0767292
62  0.018396
63  -0.134827
64  -0.0779991
65  -0.224835
66  -0.102533
67  -0.252735
68  -0.0569303
69  0.119447
70  -0.186761
71  -0.230736
72  -0.0436438
73  -0.232847
74  0.0444354
75  -0.228953
76  -0.261009
77  0.00545894
78  0.148144
79  -0.153909
80  -0.446813
81  -0.158833
82  0.388339
83  0.401502
84  -0.320068
85  0.124761
86  -0.167282
87  0.0306267
88  -0.111622
89  -0.514797
90  -0.404158
91  -0.0298366
92  -0.0735536
93  -0.0898013
94  -0.0446055
95  -0.0934828
96  -0.339277
97  -0.134686
98  0.171077
99  0.180436
100  -0.325882
101  0.044985
102  -0.0807415
103  -0.415855
104  0.22321
105  -0.316974
106  -0.00664183
107  0.0142859
108  0.407935
109  0.200663
110  0.0331227
111  -0.0371992
112  -0.0465423
113  -0.0952212
114  -0.122512
115  0.150949
116  0.0300927
117  0.0315753
118  -0.478121
119  -0.0345209
120  0.0635998
121  0.0495166
122  0.113481
123  -0.252451
124  0.0411955
125  -0.133534
126  0.0657297
127  -0.0967351
128  -0.0979088
129  -0.235248
130  0.039869
131  -0.170908
132  0.00497272
133  0.0234031
134  0.128359
135  -0.154895
136  -0.362753
137  0.049552
138  0.253418
139  0.0374435
140  -0.0579294
141  -0.0498682
142  -0.0338085
143  -0.179931
144  0.11296
145  0.0106357
146  0.00485135
147  -0.403483
148  -0.210359
149  0.157975
150  0.182985
151  -0.191985
152  0.160426
153  -0.0578708
154  -0.0431018
155  0.00118026
156  -0.0951055
157  -0.349658
158  -0.139885
159  0.00166583
160  0.035838
161  -0.33826
162  -0.237871
163  0.161913
164  0.341575
165  -0.057791
166  -0.0584861
167  -0.00666821
168  -0.173156
169  0.0390291
170  0.152937
171  -0.0153864
172  -0.0408082
173  -0.225652
174  0.0730387
175  0.237335
176  0.0420185
177  -0.354632
178  0.00228223
179  0.102544
180  0.195714
181  0.132975
182  -0.237127
183  -0.112818
184  -0.253887
185  -0.275371
186  0.109659
187  0.388613
188  0.103176
189  -0.0050991
190  0.114812
191  -0.0885067
192  0.144911
193  -0.0264363
194  0.027318
195  -0.05767
196  0.143001
197  -0.144814
198  -0.120256
199  0.103235
200  -0.213218
201  -0.284771
202  -0.156029
203  -0.407851
204  -0.153743
205  0.0839483
206  -0.0562711
207  0.13265
208  0.021712
209  0.0646902
210  0.029615
211  0.162603
212  -0.477525
213  0.390549
214  0.391585
215  0.127661
216  0.276937
217  0.169884
218  0.0189958
219  0.656138
220  0.324667
221  0.162606
222  0.313271
223  -0.375603
224  0.0762725
225  -0.185716
226  -0.138131
227  0.201334
228  -0.00755709
229  0.0685124
230  0.30382
231  0.167758
232  0.256481
233  0.0616813
234  0.0131308
235  -0.196442
236  0.205073
237  0.280682
238  0.342106
239  0.251201
240  0.32309
241  0.220789
242  0.305986
243  0.0354777
244  0.208943
245  -0.04487
246  0.152857
247  0.166121
248  0.0814132
249  0.213188
250  -0.172622
251  -0.0397954
252  0.450131
253  0.0708563
254  0.253538
255  -0.0924721
256  0.131543
257  0.159759
258  -0.0103141
259  -0.116294
260  -0.127069
261  0.200221
262  -0.228288
263  -0.412589
264  -0.0586909
265  -0.411254
266  -0.170518
267  0.0846729
268  0.162842
269  -0.0524421
270  -0.193133
271  0.141197
272  0.25518
273  0.136614
274  0.610587
275  0.346084
276  0.540764
277  -0.182624
278  0.200913
279  0.0444107
280  0.308185
281  0.213868
282  -0.369748
283  -0.197969
284  -0.0832968
285  0.329794
286  0.12122
287  0.235907
288  0.229495
289  -0.344221
290  0.261525
291  0.0908549
292  -0.0163171
293  0.110015
294  0.0156427
295  -0.0841368
296  -0.232547
297  0.0619628
298  0.176974
299  0.166717
300  0.417486
301  0.223045
302  0.229529
303  -0.334789
304  0.183985
305  -0.279437
306  -0.0800481
307  0.330159
308  0.342465
309  0.160832
310  0.0775686
311  0.191652
312  0.0171255
313  0.155334
314  0.0251424
315  0.00827867
316  -0.11201
317  0.0709129
318  0.137655
319  0.0735486
320  -0.093784
321  0.194314
322  0.44259
323  0.239898
324  0.0167791
325  0.215787
326  -0.219171
327  0.132961
328  0.161809
329  -0.0220015
330  0.0278764
331  0.173427
332  -0.0415838
333  0.0915938
334  -0.0411841
335  -0.0212368
336  0.23716
337  0.0554006
338  0.300411
339  -0.15218
340  -0.254505
341  0.524055
342  0.199014
343  -0.268818
344  0.204691
345  0.319284
346  0.154199
347  -0.264433
348  -0.080689
349  -0.255573
350  0.158811
351  -0.111504
352  0.371246
353  0.174481
354  0.289418
355  0.444956
356  -0.181039
357  -0.152716
358  -0.0975403
359  0.0738347
360  0.15464
361  -0.33221
362  -0.0855438
363  0.36379
364  -0.145188
365  -0.0543202
366  0.125512
367  0.0347998
368  0.0749132
369  0.222644
370  -0.0781253
371  -0.2523
372  0.27646
373  0.139757
374  0.0904636
375  0.29557
376  0.407538
377  0.332443
378  -0.0291138
379  0.0598999
380  0.145194
381  0.101414
382  -0.17162
383  -0.508419
384  -0.028853
385  -0.249623
386  0.467045
387  0.11609
388  -0.00755641
389  0.115727
390  0.00938298
391  -0.136418
392  -0.0982923
393  0.0120216
394  -0.2528
395  -0.262179
396  0.355106
397  0.476154
398  -0.171046
399  0.292418
400  0.058796
401  0.229049
402  -0.0140516
403  0.0928161
404  0.117173
405  -0.465148
406  -0.014179
407  0.394172
408  0.118569
409  -0.0224742
410  -0.18353
411  -0.244641
412  -0.127868
413  -0.012679
414  0.265137
415  -0.0815526
416  -0.29845
417  0.0016226
418  -0.110177
419  0.129358
420  -0.0507508
421  -0.167101
422  -0.144831
423  0.193532
424  0.125253
425  0.371747
426  0.116439
427  0.239304
428  0.198574
429  0.115173
430  -0.131122
431  0.0514057
432  0.0592144
433  -0.12989
434  -0.0598952
435  -0.182457
436  -0.0591568
437  0.230536
438  -0.277851
439  -0.303735
440  0.436576
441  0.0553391
442  0.0259169
443  -0.0898368
444  -0.0464312
445  -0.272927
446  0.0641895
447  0.19332
448  -0.225819
449  -0.184397
450  -0.00737097
451  0.00963021
452  -0.154721
453  0.0245089
454  -0.0628503
455  -0.121492
456  -0.132287
457  -0.0260321
458  -0.383102
459  -0.0455462
460  -0.0758113
461  0.0618304
462  0.0872685
463  -0.0586928
464  0.169568
465  -0.111621
466  -0.488444
467  -0.0922349
468  -0.071694
469  0.149856
470  0.0740932
471  -0.0182083
472  0.0449146
473  -0.0945267
474  -0.0225635
475  0.294988
476  -0.0499684
477  -0.243544
478  -0.327223
479  -0.171209
480  -0.376377
481  -0.412224
482  -0.465231
483  -0.566428
484  -0.635588
485  -1.09768
486  -1.49548
487  -1.62857
488  -1.94638
489  -2.45228
490  -2.84974
491  -3.52381
492  -4.39404
493  -5.9095
494  -10.0577
495  -20.366
496  -46.0595
497  -102.296
498  -210.864
499  -389.211
500  -644.457
501  -951.909
502  -1268.5
503  -1554.41
504  -1781.55
505  -1940.86
506  -2034.72
507  -2073.64
508  -2071.39
509  -2038.9
510  -1987.68
511  -1923.8
512  -1845.66
513  -1750.4
514  -1635.9
515  -1506.34
516  -1369.88
517  -1235.99
518  -1111.41
519  -997.877
520  -896.993
521  -806.49
522  -724.867
523  -651.844
524  -585.276
525  -522.203
526  -466.382
527  -416.724
528  -373.864
529  -337.645
530  -306.638
531  -280.133
532  -256.834
533  -236.959
534  -219.824
535  -204.542
536  -191.268
537  -178.907
538  -168.457
539  -159.629
540  -153.456
541  -147.59
542  -142.729
543  -138.301
544  -133.092
545  -127.557
546  -121.137
547  -115.397
548  -110.836
549  -107.706
550  -104.99
551  -102.306
552  -100.472
553  -97.568
554  -95.3851
555  -92.8872
556  -90.676
557  -87.7407
558  -85.1606
559  -83.4624
560  -81.1152
561  -78.4729
562  -75.4749
563  -71.9092
564  -68.4327
565  -66.4205
566  -64.8897
567  -62.6386
568  -60.3704
569  -59.0258
570  -57.6477
571  -57.0454
572  -56.7595
573  -56.5116
574  -55.9393
575  -54.2323
576  -53.0311
577  -51.1764
578  -49.7243
579  -48.0665
580  -46.4533
581  -44.6734
582  -44.0879
583  -43.5723
584  -42.8476
585  -42.2323
586  -42.28
587  -41.6914
588  -41.7473
589  -41.5955
590  -40.5985
591  -40.1163
592  -38.8226
593  -37.5262
594  -36.2321
595  -35.3505
596  -33.751
597  -32.1321
598  -31.085
599  -30.5744
600  -30.6583
601  -31.0816
602  -31.5599
603  -33.1811
604  -35.7735
605  -38.748
606  -42.3681
607  -44.7538
608  -46.0094
609  -45.9686
610  -45.9018
611  -44.5985
612  -43.2221
613  -41.4346
614  -39.6849
615  -38.3818
616  -36.867
617  -35.9566
618  -34.5147
619  -32.4033
620  -30.6077
621  -28.4619
622  -25.8878
623  -24.1125
624  -22.6138
625  -21.5051
626  -19.7605
627  -18.9832
628  -18.456
629  -17.2102
630  -15.7658
631  -15.5205
632  -14.5516
633  -13.4617
634  -12.8595
635  -12.6123
636  -11.9785
637  -11.2586
638  -11.4121
639  -11.4522
640  -11.2169
641  -11.5486
642  -11.1352
643  -10.334
644  -10.1644
645  -9.34706
646  -9.60802
647  -9.31173
648  -9.2674
649  -9.83443
650  -10.1915
651  -10.3201
652  -10.5687
653  -10.364
654  -9.68167
655  -9.33225
656  -8.73389
657  -8.43955
658  -8.26711
659  -8.12834
660  -8.31338
661  -8.21732
662  -9.02268
663  -9.29196
664  -9.71656
665  -10.2435
666  -10.5701
667  -10.9095
668  -11.3724
669  -11.6065
670  -12.0158
671  -12.2233
672  -12.5343
673  -12.8808
674  -12.92
675  -12.5197
676  -12.2427
677  -11.8896
678  -11.6093
679  -11.4659
680  -10.7377
681  -10.5567
682  -10.8835
683  -10.1331
684  -9.50381
685  -9.4124
686  -9.04904
687  -8.70503
688  -7.96149
689  -7.59466
690  -7.36005
691  -7.22304
692  -6.96412
693  -7.49316
694  -7.38823
695  -7.44266
696  -7.76682
697  -8.81686
698  -9.60076
699  -10.4918
700  -11.403
701  -12.919
702  -13.7771
703  -14.2904
704  -13.5941
705  -12.5753
706  -11.8096
707  -11.1572
708  -10.984
709  -11.9157
710  -13.5822
711  -17.3547
712  -22.4576
713  -31.0713
714  -41.9871
715  -54.2919
716  -67.1286
717  -79.1353
718  -89.99
719  -99.5358
720  -106.304
721  -111.629
722  -114.545
723  -116.664
724  -116.918
725  -116.319
726  -114.646
727  -112.103
728  -108.481
729  -104.697
730  -100.382
731  -97.479
732  -95.8732
733  -96.0562
734  -97.6935
735  -101.12
736  -104.044
737  -106.267
738  -107.79
739  -107.354
740  -105.976
741  -103.32
742  -100.387
743  -96.3789
744  -93.3944
745  -89.3755
746  -85.3425
747  -80.568
748  -75.2335
749  -69.3768
750  -63.4185
751  -57.4358
752  -51.7752
753  -47.1875
754  -43.0151
755  -38.8845
756  -35.0559
757  -32.422
758  -28.7349
759  -26.0449
760  -23.3801
761  -20.7417
762  -18.8952
763  -16.7441
764  -15.0448
765  -13.9662
766  -12.4615
767  -11.4119
768  -10.0621
769  -9.00062
770  -7.7126
771  -6.87591
772  -6.23178
773  -5.70059
774  -5.00072
775  -4.80977
776  -3.92232
777  -3.26409
778  -3.10338
779  -2.92232
780  -2.51092
781  -2.2622
782  -1.96622
783  -1.2244
784  -1.81106
785  -1.42815
786  -1.47159
787  -1.27612
788  -0.894127
789  -1.22267
790  -1.16086
791  -1.472
792  -0.646501
793  -1.02201
794  -1.24299
795  -1.27668
796  -1.02179
797  -1.48213
798  -1.43838
799  -1.58701
800  -1.46651
801  -1.41937
802  -1.86987
803  -2.07785
804  -1.57474
805  -2.36758
806  -2.38974
807  -2.38905
808  -2.15634
809  -2.40916
810  -2.5006
811  -2.60554
812  -2.52329
813  -2.61027
814  -2.52789
815  -2.64536
816  -2.59337
817  -3.04975
818  -3.36601
819  -3.16037
820  -3.55819
821  -3.9803
822  -4.05151
823  -4.29587
824  -4.36468
825  -4.41477
826  -3.99279
827  -4.1945
828  -4.1586
829  -3.66931
830  -3.7541
831  -3.72904
832  -3.88606
833  -3.7242
834  -3.56961
835  -3.6433
836  -3.43211
837  -3.52909
838  -3.34238
839  -3.35305
840  -3.18918
841  -3.62471
842  -3.17553
843  -3.28123
844  -3.35421
845  -3.34462
846  -3.34683
847  -3.23859
848  -2.54851
849  -2.43969
850  -2.29097
851  -1.83169
852  -2.03365
853  -2.05859
854  -1.60362
855  -1.90333
856  -1.60109
857  -1.40372
858  -1.45314
859  -1.29333
860  -1.37112
861  -0.813551
862  -0.774996
863  -0.936667
864  -1.10599
865  -0.923362
866  -0.718027
867  -0.852288
868  -0.700677
869  -0.320167
870  -0.817804
871  -0.423535
872  -0.619252
873  -0.359207
874  -0.697791
875  -0.863459
876  -0.468015
877  -0.746494
878  -0.707955
879  -0.754776
880  -0.93002
881  -0.905995
882  -0.618509
883  -0.370878
884  -0.814191
885  -1.07144
886  -1.28287
887  -1.05033
888  -1.03969
889  -0.728222
890  -0.903454
891  -0.912153
892  -0.924633
893  -0.904171
894  -1.31148
895  -1.1998
896  -0.702049
897  -1.38736
898  -0.99572
899  -0.767296
900  -0.626516
901  -0.915424
902  -0.678076
903  -0.65388
904  -1.14904
905  -1.33768
906  -1.24021
907  -0.543349
908  -1.55073
909  -1.56945
910  -0.999028
911  -1.15959
912  -1.00135
913  -1.29577
914  -1.58865
915  -1.32634
916  -1.66605
917  -1.88302
918  -1.67247
919  -1.76901
920  -1.96561
921  -1.58999
922  -1.50089
923  -1.69617
924  -2.34635
925  -1.91946
926  -2.08049
927  -2.54186
928  -2.97039
929  -3.41245
930  -4.15039
931  -4.70925
932  -4.77385
933  -5.613
934  -6.07317
935  -6.8526
936  -7.16773
937  -7.68669
938  -7.74875
939  -8.11984
940  -8.07607
941  -7.82527
942  -7.6696
943  -8.04109
944  -7.64952
945  -7.71031
946  -8.01362
947  -8.28515
948  -8.66127
949  -8.92648
950  -9.16944
951  -9.59664
952  -9.71483
953  -10.1237
954  -10.2254
955  -10.2707
956  -10.8435
957  -10.3679
958  -10.2618
959  -10.194
960  -9.94391
961  -9.28439
962  -8.86125
963  -8.79013
964  -7.93181
965  -7.70849
966  -7.07878
967  -7.20814
968  -7.38849
969  -6.70199
970  -6.58277
971  -6.39248
972  -6.05384
973  -5.68624
974  -5.86529
975  -5.296
976  -5.06802
977  -4.82875
978  -5.26742
979  -4.66383
980  -4.51821
981  -4.27613
982  -3.90119
983  -3.47951
984  -3.19756
985  -3.0836
986  -2.92911
987  -2.18087
988  -2.22137
989  -2.47261
990  -2.11265
991  -1.60715
992  -1.43696
993  -1.48702
994  -0.8003
995  -1.3097
996  -1.05276
997  -0.806755
998  -0.654968
999  -0.522552
1000  -0.259945
1001  -0.248845
1002  -0.617179
1003  -0.482123
1004  -0.252921
1005  -0.710956
1006  -0.0111654
1007  -0.103327
1008  -0.634061
1009  -0.179919
1010  -0.359978
1011  0.21084
1012  0.0927004
1013  -0.171238
1014  -0.229238
1015  -0.661334
1016  -0.541679
1017  -0.371256
1018  -0.488432
1019  -0.300396
1020  -0.824306
1021  -0.71675
1022  -0.804997
1023  -0.442138
1024  -0.408881
1025  -0.898153
1026  -0.632124
1027  -0.568147
1028  -0.411894
1029  -0.849394
1030  -0.480547
1031  -0.326989
1032  -0.348345
1033  -0.384566
1034  -0.77493
1035  -0.772669
1036  -0.553473
1037  -0.687742
1038  -0.910184
1039  -0.536917
1040  -0.743016
1041  -0.948803
1042  -1.03272
1043  -0.548156
1044  -0.609658
1045  -0.861301
1046  -0.554269
1047  -0.890933
1048  -0.805499
1049  -0.969467
1050  -0.885816
1051  -1.02388
1052  -1.28676
1053  -1.14171
1054  -0.72668
1055  -0.997449
1056  -1.17503
1057  -0.988656
1058  -0.946298
1059  -1.08651
1060  -1.17214
1061  -0.726178
1062  -0.951431
1063  -0.992337
1064  -0.776269
1065  -1.0428
1066  -0.888308
1067  -0.66285
1068  -1.08179
1069  -1.45373
1070  -0.933149
1071  -0.750947
1072  -0.850216
1073  -0.954174
1074  -0.906107
1075  -0.537813
1076  -0.926568
1077  -0.889675
1078  -0.639704
1079  -0.667338
1080  -0.361469
1081  -1.23921
1082  -0.971948
1083  -0.450077
1084  -0.926509
1085  -0.955871
1086  -0.870277
1087  -1.01711
1088  -1.10232
1089  -0.751876
1090  -0.75951
1091  -0.833675
1092  -0.582759
1093  -0.579369
1094  -0.548928
1095  -0.193525
1096  -0.458544
1097  -0.371031
1098  -0.286537
1099  -0.51357
1100  -0.433387
1101  -1.02709
1102  -0.825568
1103  -0.912326
1104  -0.575168
1105  -0.561255
1106  -0.640196
1107  -0.572439
1108  -0.646815
1109  -0.891118
1110  -1.13589
1111  -0.691096
1112  -0.766808
1113  -0.945708
1114  -0.630986
1115  -0.554686
1116  -1.01526
1117  -0.714991
1118  -0.566443
1119  -0.683739
1120  -0.454576
1121  -0.338701
1122  -0.659311
1123  -0.45605
1124  -0.39558
1125  -0.937791
1126  -0.598428
1127  -0.458843
1128  -0.903919
1129  -0.646893
1130  -0.570573
1131  -0.878158
1132  -1.14447
1133  -0.79943
1134  -0.791092
1135  -0.459472
1136  -0.95408
1137  -0.712466
1138  -0.449312
1139  -1.21079
1140  -0.931272
1141  -1.00875
1142  -0.61823
1143  -0.625641
1144  -0.880871
1145  -0.902712
1146  -0.641337
1147  -0.823409
1148  -1.05906
1149  -1.22143
1150  -1.10065
1151  -1.08683
1152  -1.07937
1153  -1.34582
1154  -0.757882
1155  -1.23157
1156  -1.04104
1157  -1.18542
1158  -1.41074
1159  -1.10078
1160  -1.43292
1161  -1.34976
1162  -1.36298
1163  -1.27483
1164  -1.14174
1165  -1.31595
1166  -1.52354
1167  -1.52549
1168  -1.52378
1169  -1.9882
1170  -1.61015
1171  -1.28779
1172  -1.6958
1173  -1.76396
1174  -1.50623
1175  -1.79769
1176  -1.99002
1177  -1.5801
1178  -1.88706
1179  -1.9974
1180  -1.38339
1181  -1.25825
1182  -1.93482
1183  -1.55361
1184  -1.47968
1185  -1.55718
1186  -1.52677
1187  -1.21285
1188  -1.44287
1189  -1.36271
1190  -1.02239
1191  -1.16271
1192  -1.53858
1193  -1.79314
1194  -1.37109
1195  -1.4066
1196  -1.31736
1197  -1.54517
1198  -1.66352
1199  -1.43183
1200  -1.16991
1201  -1.19809
1202  -1.48728
1203  -1.26859
1204  -0.83836
1205  -1.41218
1206  -1.263
1207  -1.37924
1208  -1.37135
1209  -1.1453
1210  -0.913509
1211  -1.14059
1212  -1.19338
1213  -1.01167
1214  -1.32469
1215  -0.87529
1216  -0.953684
1217  -0.925634
1218  -1.01594
1219  -1.51772
1220  -1.13313
1221  -0.699298
1222  -1.00782
1223  -0.963879
1224  -1.20826
1225  -1.05907
1226  -1.57031
1227  -1.25357
1228  -0.881177
1229  -0.756314
1230  -1.09994
1231  -1.29103
1232  -1.43965
1233  -0.869016
1234  -1.29476
1235  -1.34409
1236  -0.885509
1237  -1.15572
1238  -1.23618
1239  -1.6981
1240  -1.46333
1241  -1.21811
1242  -1.23173
1243  -1.3322
1244  -1.13903
1245  -0.984899
1246  -1.3177
1247  -1.18464
1248  -1.20928
1249  -1.22584
1250  -0.947073
1251  -1.597
1252  -1.57417
1253  -1.77571
1254  -1.26765
1255  -1.70071
1256  -1.68614
1257  -1.70279
1258  -1.66825
1259  -1.79939
1260  -1.7302
1261  -1.95174
1262  -1.58267
1263  -1.51482
1264  -1.50863
1265  -1.69311
1266  -1.79801
1267  -1.99764
1268  -1.80367
1269  -1.58423
1270  -2.0221
1271  -1.5878
1272  -1.79328
1273  -1.75004
1274  -1.85538
1275  -1.88594
1276  -1.81526
1277  -2.15891
1278  -1.95842
1279  -1.49489
1280  -1.69725
1281  -1.60714
1282  -1.28719
1283  -1.66822
1284  -1.44562
1285  -1.59352
1286  -1.71271
1287  -1.57298
1288  -1.4765
1289  -1.44611
1290  -1.41223
1291  -1.56158
1292  -1.94062
1293  -1.54849
1294  -1.80668
1295  -1.71088
1296  -1.90517
1297  -1.60537
1298  -1.66622
1299  -1.23125
1300  -1.89417
1301  -1.7178
1302  -1.59199
1303  -1.10449
1304  -1.97278
1305  -1.78329
1306  -1.6727
1307  -1.92791
1308  -1.70969
1309  -1.68114
1310  -1.33263
1311  -1.6244
1312  -1.81772
1313  -1.86167
1314  -1.65894
1315  -1.81809
1316  -2.28765
1317  -2.32622
1318  -1.73514
1319  -1.95928
1320  -1.59079
1321  -2.50424
1322  -2.15227
1323  -1.9898
1324  -2.44904
1325  -1.88436
1326  -2.51148
1327  -2.42679
1328  -2.43104
1329  -2.08993
1330  -1.93824
1331  -1.85108
1332  -1.88458
1333  -2.48306
1334  -2.14872
1335  -1.85837
1336  -1.95082
1337  -2.25142
1338  -1.9707
1339  -1.79366
1340  -2.37767
1341  -2.74092
1342  -2.42954
1343  -2.59847
1344  -2.70921
1345  -2.61184
1346  -2.8149
1347  -2.95789
1348  -2.33288
1349  -2.38255
1350  -2.68167
1351  -2.83064
1352  -2.45854
1353  -2.60458
1354  -2.28663
1355  -2.29927
1356  -2.23839
1357  -2.80908
1358  -2.73169
1359  -2.49384
1360  -2.76467
1361  -2.5312
1362  -2.801
1363  -2.98735
1364  -2.84223
1365  -3.09959
1366  -3.08438
1367  -2.55893
1368  -2.82283
1369  -2.41839
1370  -2.85286
1371  -3.17462
1372  -3.04277
1373  -3.22525
1374  -3.2433
1375  -3.35183
1376  -3.36806
1377  -3.73678
1378  -4.01997
1379  -3.48238
1380  -3.12002
1381  -3.57763
1382  -3.3705
1383  -3.43762
1384  -3.20823
1385  -3.06126
1386  -3.10599
1387  -2.77812
1388  -2.58642
1389  -2.13368
1390  -2.4724
1391  -2.81659
1392  -2.37826
1393  -2.26617
1394  -2.18562
1395  -2.40422
1396  -2.34199
1397  -2.2783
1398  -1.89003
1399  -1.80066
1400  -2.07806
1401  -2.03843
1402  -1.76564
1403  -1.83108
1404  -1.78635
1405  -1.52161
1406  -1.81993
1407  -1.63964
1408  -1.70413
1409  -2.03883
1410  -1.35188
1411  -1.44531
1412  -1.72052
1413  -1.47636
1414  -1.47841
1415  -1.43443
1416  -1.67776
1417  -1.53653
1418  -1.24127
1419  -1.2297
1420  -1.70352
1421  -1.53124
1422  -1.05158
1423  -1.22403
1424  -1.21444
1425  -1.50718
1426  -1.4156
1427  -1.69829
1428  -1.00664
1429  -1.17268
1430  -1.51281
1431  -0.95367
1432  -1.18587
1433  -1.17411
1434  -0.916561
1435  -1.18971
1436  -1.16759
1437  -1.08878
1438  -1.35424
1439  -1.13251
1440  -0.96767
1441  -1.20105
1442  -0.969143
1443  -1.3863
1444  -0.995301
1445  -1.08135
1446  -1.22795
1447  -1.43166
1448  -1.42594
1449  -1.08909
1450  -0.888435
1451  -1.23331
1452  -1.20177
1453  -1.43962
1454  -1.14245
1455  -1.2194
1456  -1.07212
1457  -0.800833
1458  -0.890384
1459  -1.3419
1460  -1.59819
1461  -1.51401
1462  -1.42602
1463  -1.22027
1464  -1.42125
1465  -1.05664
1466  -1.22562
1467  -0.962774
1468  -1.08022
1469  -1.11631
1470  -0.980452
1471  -1.2622
1472  -0.326579
1473  -1.00478
1474  -0.735683
1475  -1.02256
1476  -0.706239
1477  -0.641737
1478  -0.889298
1479  -0.926698
1480  -1.09166
1481  -1.26907
1482  -1.17946
1483  -1.01125
1484  -1.04445
1485  -0.43328
1486  -1.16242
1487  -1.14781
1488  -0.834663
1489  -1.18478
1490  -0.775192
1491  -0.760219
1492  -1.18428
1493  -0.83346
1494  -1.00126
1495  -0.86773
1496  -1.09839
1497  -0.700041
1498  -0.858815
1499  -1.06235
1500  -0.88672
1501  -0.969766
1502  -1.50604
1503  -1.1595
1504  -1.10307
1505  -0.92345
1506  -1.16078
1507  -1.43246
1508  -1.28512
1509  -0.861412
1510  -1.29939
1511  -1.1981
1512  -1.27038
1513  -0.979487
1514  -0.875881
1515  -0.902555
1516  -0.519013
1517  -0.851189
1518  -1.31879
1519  -0.936074
1520  -0.827574
1521  -0.779028
1522  -0.986722
1523  -1.03764
1524  -0.60303
1525  -0.925104
1526  -1.14878
1527  -1.10812
1528  -0.86668
1529  -0.911367
1530  -1.28525
1531  -0.961204
1532  -0.869269
1533  -1.43375
1534  -1.03794
1535  -1.27627
1536  -1.09415
1537  -0.999751
1538  -1.42803
1539  -1.08866
1540  -1.3332
1541  -1.94073
1542  -1.1769
1543  -1.12953
1544  -1.20874
1545  -0.904674
1546  -1.75756
1547  -1.79923
1548  -1.38868
1549  -1.68489
1550  -1.37395
1551  -1.50627
1552  -1.54176
1553  -1.30446
1554  -1.31518
1555  -0.925899
1556  -1.15327
1557  -1.16946
1558  -1.55748
1559  -1.33054
1560  -1.4823
1561  -1.36261
1562  -1.4229
1563  -1.66557
1564  -1.82849
1565  -1.78597
1566  -2.00701
1567  -1.78704
1568  -2.19241
1569  -2.05475
1570  -2.00395
1571  -2.10862
1572  -2.36821
1573  -2.11665
1574  -2.68752
1575  -1.98019
1576  -1.58694
1577  -1.87732
1578  -2.12881
1579  -1.75146
1580  -1.72588
1581  -1.78573
1582  -1.5986
1583  -1.63702
1584  -1.58018
1585  -1.5406
1586  -1.46135
1587  -1.67501
1588  -1.95274
1589  -1.24398
1590  -1.49775
1591  -1.72369
1592  -1.56765
1593  -1.73408
1594  -1.82925
1595  -1.58279
1596  -1.5806
1597  -1.79951
1598  -1.4132
1599  -1.49737
1600  -1.56094
1601  -1.6624
1602  -1.46891
1603  -1.38882
1604  -1.72693
1605  -1.52983
1606  -1.40671
1607  -1.68457
1608  -1.39839
1609  -1.2389
1610  -1.03298
1611  -1.29083
1612  -1.44043
1613  -1.34293
1614  -1.22589
1615  -1.16962
1616  -1.23858
1617  -1.01585
1618  -1.41031
1619  -1.21692
1620  -1.05052
1621  -1.18393
1622  -0.990626
1623  -0.531501
1624  -1.08335
1625  -1.20216
1626  -1.19556
1627  -1.0716
1628  -0.841301
1629  -0.977428
1630  -0.977508
1631  -0.946271
1632  -0.698046
1633  -1.11113
1634  -0.847414
1635  -0.761258
1636  -0.52099
1637  -0.615499
1638  -0.655818
1639  -0.776633
1640  -0.897187
1641  -0.897034
1642  -1.06727
1643  -1.01131
1644  -0.947814
1645  -1.20104
1646  -0.871249
1647  -1.0752
1648  -0.958019
1649  -0.663327
1650  -0.727659
1651  -1.02965
1652  -0.580104
1653  -0.703343
1654  -1.05403
1655  -0.72105
1656  -0.767296
1657  -0.389821
1658  -0.432085
1659  -0.701126
1660  -1.00585
1661  -0.637997
1662  -0.972046
1663  -1.34378
1664  -1.09059
1665  -0.996526
1666  -1.06361
1667  -1.28327
1668  -1.46098
1669  -1.06506
1670  -1.067
1671  -1.35401
1672  -1.41838
1673  -1.24762
1674  -1.28554
1675  -1.22072
1676  -1.32468
1677  -1.94807
1678  -0.922518
1679  -1.26548
1680  -1.17565
1681  -1.14343
1682  -0.928169
1683  -1.08853
1684  -1.07141
1685  -1.25986
1686  -0.978992
1687  -1.08928
1688  -0.810596
1689  -1.13739
1690  -0.989469
1691  -0.931507
1692  -0.807791
1693  -0.638467
1694  -1.09207
1695  -1.00206
1696  -1.22985
1697  -1.06958
1698  -1.07141
1699  -0.851418
1700  -1.07019
1701  -1.30947
1702  -1.28317
1703  -1.29056
1704  -0.970814
1705  -1.09494
1706  -1.52317
1707  -1.48356
1708  -1.31688
1709  -1.08512
1710  -0.942027
1711  -1.17496
1712  -1.14012
1713  -0.824601
1714  -0.779264
1715  -1.0879
1716  -0.827774
1717  -0.848999
1718  -0.594098
1719  -1.05634
1720  -0.739237
1721  -0.950361
1722  -0.895292
1723  -1.19299
1724  -0.738336
1725  -0.916307
1726  -0.834673
1727  -0.651866
1728  -1.11686
1729  -0.88023
1730  -1.16064
1731  -1.13009
1732  -0.988776
1733  -0.525389
1734  -0.78972
1735  -0.900165
1736  -0.831896
1737  -1.00412
1738  -0.872486
1739  -0.84802
1740  -0.810989
1741  -0.971522
1742  -0.637831
1743  -0.647042
1744  -1.10198
1745  -1.2964
1746  -1.19866
1747  -0.965938
1748  -0.738684
1749  -0.592318
1750  -0.827776
1751  -0.621465
1752  -0.578864
1753  -0.882347
1754  -1.02412
1755  -1.03327
1756  -0.947511
1757  -1.10524
1758  -0.892757
1759  -0.563381
1760  -0.611817
1761  -0.860585
1762  -0.813085
1763  -0.993838
1764  -0.908839
1765  -1.28631
1766  -1.21691
1767  -1.13238
1768  -1.51288
1769  -1.45479
1770  -1.2465
1771  -1.28596
1772  -1.34013
1773  -1.30365
1774  -1.48813
1775  -1.07689
1776  -1.20615
1777  -1.30194
1778  -1.32567
1779  -1.09553
1780  -1.28939
1781  -1.02728
1782  -1.3186
1783  -1.43174
1784  -1.12508
1785  -1.04074
1786  -1.21936
1787  -1.58588
1788  -1.21371
1789  -1.00029
1790  -0.666507
1791  -0.895174
1792  -0.477277
1793  -1.04381
1794  -1.25371
1795  -1.08023
1796  -1.01833
1797  -1.18366
1798  -1.00065
1799  -0.640579
1800  -0.854425
1801  -0.934034
1802  -0.950382
1803  -0.843512
1804  -0.940154
1805  -0.7773
1806  -0.973913
1807  -0.600322
1808  -1.02761
1809  -0.698031
1810  -1.14822
1811  -1.24059
1812  -0.879671
1813  -1.45076
1814  -0.567823
1815  -1.04236
1816  -1.00072
1817  -0.83507
1818  -0.756281
1819  -0.363536
1820  -0.755257
1821  -0.953649
1822  -1.29582
1823  -0.767157
1824  -0.765331
1825  -1.17852
1826  -1.04776
1827  -0.953616
1828  -1.32232
1829  -0.729352
1830  -0.807184
1831  -1.18502
1832  -1.01438
1833  -0.871791
1834  -0.570283
1835  -0.585352
1836  -0.329827
1837  -0.65239
1838  -0.98238
1839  -1.07502
1840  -0.979083
1841  -0.806924
1842  -0.609222
1843  -0.291763
1844  -0.70955
1845  -0.979531
1846  -0.929616
1847  -1.43704
1848  -0.82244
1849  -1.01121
1850  -1.12143
1851  -1.15762
1852  -0.599079
1853  -0.77417
1854  -0.871312
1855  -0.770068
1856  -0.761307
1857  -1.01789
1858  -0.807368
1859  -1.02062
1860  -0.766774
1861  -1.17216
1862  -0.915824
1863  -0.877235
1864  -1.11895
1865  -0.71581
1866  -0.643755
1867  -0.888974
1868  -0.875941
1869  -0.755307
1870  -0.805377
1871  -0.863783
1872  -1.06736
1873  -0.708098
1874  -0.99648
1875  -0.689598
1876  -0.772256
1877  -1.0585
1878  -0.845933
1879  -0.436918
1880  -0.967764
1881  -0.945981
1882  -0.936154
1883  -0.890659
1884  -0.806866
1885  -0.787229
1886  -0.796741
1887  -0.631512
1888  -0.728218
1889  -0.747399
1890  -1.16966
1891  -0.522183
1892  -0.836752
1893  -0.770625
1894  -0.728907
1895  -0.38313
1896  -0.735034
1897  -1.03648
1898  -0.783326
1899  -1.44076
1900  -0.830201
1901  -0.890052
1902  -0.992828
1903  -0.789533
1904  -0.90045
1905  -0.993722
1906  -1.05543
1907  -1.12964
1908  -1.06016
1909  -0.788026
1910  -0.78848
1911  -1.23828
1912  -1.36016
1913  -0.847543
1914  -0.926196
1915  -0.99337
1916  -1.20398
1917  -1.04476
1918  -1.07783
1919  -0.792341
1920  -0.946161
1921  -0.898027
1922  -0.922437
1923  -1.09734
1924  -0.983638
1925  -0.869017
1926  -0.772447
1927  -0.714607
1928  -0.997862
1929  -0.977102
1930  -0.905416
1931  -1.18575
1932  -1.1334
1933  -0.87193
1934  -0.824769
1935  -0.612184
1936  -0.578464
1937  -0.652216
1938  -0.767806
1939  -1.05601
1940  -1.21774
1941  -0.710101
1942  -0.7101
1943  -0.923799
1944  -0.890511
1945  -1.04221
1946  -1.01296
1947  -0.823491
1948  -0.661568
1949  -1.05658
1950  -1.14244
1951  -1.31455
1952  -1.04502
1953  -0.72608
1954  -0.895411
1955  -1.0723
1956  -1.21455
1957  -1.52591
1958  -1.18862
1959  -1.03697
1960  -1.45799
1961  -1.91632
1962  -1.72081
1963  -1.30374
1964  -1.49392
1965  -1.19538
1966  -1.43921
1967  -1.54742
1968  -1.16412
1969  -1.41644
1970  -1.31392
1971  -1.5676
1972  -1.29979
1973  -1.13943
1974  -1.10198
1975  -0.911645
1976  -1.00193
1977  -1.3997
1978  -0.701729
1979  -1.05581
1980  -0.759583
1981  -0.705379
1982  -0.999647
1983  -1.19449
1984  -0.95829
1985  -0.885507
1986  -1.02132
1987  -1.02776
1988  -0.970359
1989  -0.892986
1990  -0.863392
1991  -1.10815
1992  -1.04183
1993  -1.10907
1994  -1.12155
1995  -1.17277
1996  -0.996036
1997  -1.25738
1998  -0.991162
1999  -1.01964
2000  -1.17088
2001  -1.48109
2002  -0.876078
2003  -0.834761
2004  -0.96655
2005  -0.623938
2006  -0.801253
2007  -1.1532
2008  -0.848119
2009  -1.10469
2010  -0.680522
2011  -0.677003
2012  -1.0568
2013  -1.12802
2014  -1.10871
2015  -1.1613
2016  -1.03092
2017  -0.943234
2018  -0.744539
2019  -1.10062
2020  -0.756494
2021  -0.99953
2022  -1.21077
2023  -1.15178
2024  -0.974834
2025  -1.4883
2026  -0.511493
2027  -0.738498
2028  -0.965199
2029  -0.926415
2030  -1.4742
2031  -0.774753
2032  -0.493524
2033  -0.911914
2034  -0.884755
2035  -1.21352
2036  -1.3638
2037  -1.07715
2038  -0.625774
2039  -1.02802
2040  -0.867766
2041  -0.859876
2042  -0.829857
2043  -1.13942
2044  -0.897105
2045  -1.10939
2046  -1.14637
2047  -0.85096
2048  -1.1138
2049  -0.963104
2050  -1.03299
2051  -1.12843
2052  -1.15465
2053  -0.806764
2054  -0.702137
2055  -0.923956
2056  -0.78299
2057  -0.727882
2058  -0.636499
2059  -0.942076
2060  -1.23893
2061  -0.87518
2062  -0.543359
2063  -1.00725
2064  -0.706845
2065  -0.692628
2066  -0.973378
2067  -0.856077
2068  -0.748503
2069  -0.720632
2070  -0.904797
2071  -0.598163
2072  -0.654186
2073  -1.19599
2074  -1.0494
2075  -0.72683
2076  -0.6454
2077  -0.652655
2078  -1.08139
2079  -0.928386
2080  -0.736665
2081  -0.344497
2082  -0.270535
2083  -0.797048
2084  -0.841459
2085  -0.538979
2086  -0.924315
2087  -0.791953
2088  -0.791213
2089  -0.821563
2090  -0.708668
2091  -0.448853
2092  -0.933701
2093  -0.880612
2094  -1.06443
2095  -0.720381
2096  -0.577419
2097  -0.972398
2098  -0.531467
2099  -0.867223
2100  -0.771212
2101  -0.682039
2102  -0.73919
2103  -0.688846
2104  -0.562844
2105  -0.635014
2106  -0.874574
2107  -1.01682
2108  -0.490697
2109  -0.556734
2110  -0.453221
2111  -0.732099
2112  -0.850795
2113  -0.61902
2114  -1.06516
2115  -0.659927
2116  -1.02404
2117  -0.795546
2118  -0.736419
2119  -0.406438
2120  -0.538592
2121  -0.846698
2122  -0.1406
2123  -0.593257
2124  -0.312417
2125  -0.613458
2126  -1.03669
2127  -0.773792
2128  -0.829474
2129  -0.775338
2130  -0.605196
2131  -0.449102
2132  -0.854938
2133  -1.00849
2134  -0.689951
2135  -0.897425
2136  -1.34634
2137  -0.828789
2138  -1.16775
2139  -0.788264
2140  -0.60363
2141  -0.956195
2142  -0.894233
2143  -0.896133
2144  -0.809069
2145  -0.777143
2146  -0.689757
2147  -0.689504
2148  -0.767121
2149  -0.940766
2150  -0.536314
2151  -0.906417
2152  -0.936592
2153  -0.654043
2154  -0.445427
2155  -1.06376
2156  -0.607413
2157  -1.25037
2158  -0.908148
2159  -1.00516
2160  -0.78992
2161  -0.719141
2162  -1.0351
2163  -1.03726
2164  -1.31094
2165  -0.84963
2166  -0.734404
2167  -0.630119
2168  -0.463203
2169  -1.14125
2170  -0.993714
2171  -0.727303
2172  -0.356884
2173  -0.755476
2174  -1.15041
2175  -0.854792
2176  -0.40423
2177  -0.715262
2178  -0.889498
2179  -0.532237
2180  -0.565393
2181  -0.900079
2182  -0.564314
2183  -0.918713
2184  -0.507133
2185  -0.728222
2186  -0.472973
2187  -0.875157
2188  -0.599612
2189  -0.90237
2190  -1.01727
2191  -0.983683
2192  -0.634401
2193  -0.712718
2194  -0.424154
2195  -0.931664
2196  -0.891089
2197  -0.664428
2198  -0.443748
2199  -0.688275
2200  -0.937248
2201  -0.953624
2202  -0.739259
2203  -0.970689
2204  -1.23313
2205  -0.862148
2206  -0.487081
2207  -0.92891
2208  -0.700918
2209  -1.10229
2210  -0.863762
2211  -1.0835
2212  -1.3949
2213  -1.05823
2214  -1.22865
2215  -0.968501
2216  -1.16125
2217  -1.02821
2218  -1.25887
2219  -1.39013
2220  -1.40695
2221  -1.12234
2222  -1.43369
2223  -0.966911
2224  -0.928184
2225  -1.23602
2226  -1.39517
2227  -0.714291
2228  -0.88264
2229  -0.843565
2230  -0.983647
2231  -0.727638
2232  -0.86441
2233  -1.22775
2234  -0.919604
2235  -0.884315
2236  -0.939004
2237  -0.645559
2238  -0.743413
2239  -1.02957
2240  -0.857846
2241  -0.903677
2242  -0.692002
2243  -0.777182
2244  -0.524728
2245  -0.679584
2246  -0.476335
2247  -1.03014
2248  -0.825895
2249  -0.288665
2250  -0.10176
2251  -0.761345
2252  -0.811586
2253  -0.992208
2254  -0.456832
2255  -0.688104
2256  -0.597521
2257  -0.590516
2258  -0.691114
2259  -0.851704
2260  -0.842567
2261  -0.693335
2262  -0.973004
2263  -0.95852
2264  -1.17291
2265  -1.1455
2266  -1.73595
2267  -1.5231
2268  -1.16474
2269  -1.43357
2270  -1.71789
2271  -1.42818
2272  -1.38802
2273  -1.99157
2274  -1.64804
2275  -1.42484
2276  -1.62884
2277  -1.41617
2278  -1.94058
2279  -1.5937
2280  -1.31987
2281  -1.1517
2282  -1.37071
2283  -1.52296
2284  -1.48955
2285  -0.973467
2286  -1.24365
2287  -1.03075
2288  -0.932207
2289  -0.628079
2290  -1.18556
2291  -1.09182
2292  -0.681236
2293  -0.953982
2294  -1.08879
2295  -1.06017
2296  -0.82113
2297  -0.567853
2298  -0.525699
2299  -0.448162
2300  -0.831272
2301  -1.01608
2302  -1.01339
2303  -0.392449
2304  -0.493421
2305  -0.369146
2306  -0.459347
2307  -0.787053
2308  -1.02536
2309  -0.718264
2310  -1.2422
2311  -1.46053
2312  -1.12726
2313  -1.22553
2314  -1.25725
2315  -0.875245
2316  -0.97632
2317  -1.17409
2318  -1.52554
2319  -1.10128
2320  -1.06103
2321  -1.19152
2322  -1.43912
2323  -1.07577
2324  -1.00936
2325  -0.925734
2326  -1.13873
2327  -0.74185
2328  -0.642664
2329  -1.05571
2330  -0.728385
2331  -0.774379
2332  -1.01464
2333  -0.769214
2334  -0.6097
2335  -0.836903
2336  -0.94451
2337  -0.716413
2338  -0.490348
2339  -0.816921
2340  -0.830358
2341  -0.651197
2342  -0.611241
2343  -0.749378
2344  -0.377601
2345  -0.78526
2346  -0.770779
2347  -0.896209
2348  -0.6835
2349  -0.494219
2350  -1.01182
2351  -0.64759
2352  -1.14481
2353  -0.631197
2354  -0.803725
2355  -0.975515
2356  -1.21046
2357  -1.14807
2358  -1.22767
2359  -0.992947
2360  -1.26933
2361  -1.18859
2362  -1.16335
2363  -1.21005
2364  -1.07904
2365  -0.867244
2366  -0.905795
2367  -0.802364
2368  -1.31948
2369  -0.880397
2370  -1.09944
2371  -1.04433
2372  -1.56039
2373  -1.59846
2374  -1.28688
2375  -1.16991
2376  -1.54371
2377  -1.34596
2378  -1.20329
2379  -1.19987
2380  -1.67697
2381  -1.36346
2382  -1.29461
2383  -1.60913
2384  -1.36252
2385  -0.750254
2386  -1.33716
2387  -1.37405
2388  -1.35461
2389  -1.19065
2390  -1.07305
2391  -1.38647
2392  -1.17245
2393  -0.836682
2394  -1.02489
2395  -1.17665
2396  -0.883239
2397  -1.3184
2398  -0.861181
2399  -0.604944
2400  -0.916723
2401  -0.906614
2402  -0.613125
2403  -0.653422
2404  -0.84221
2405  -0.8679
2406  -0.831674
2407  -0.733148
2408  -0.227292
2409  -0.626847
2410  -1.14038
2411  -0.757483
2412  -1.00266
2413  -0.904565
2414  -0.864082
2415  -0.976461
2416  -0.555668
2417  -0.908784
2418  -1.10723
2419  -0.422293
2420  -0.796028
2421  -0.701043
2422  -0.899964
2423  -0.914853
2424  -0.841984
2425  -0.477248
2426  -0.880656
2427  -0.874995
2428  -1.04997
2429  -0.675041
2430  -0.608155
2431  -0.82327
2432  -0.260123
2433  -0.814923
2434  -0.723243
2435  -0.587727
2436  -1.03237
2437  -0.647392
2438  -0.652362
2439  -0.873258
2440  -0.474148
2441  -0.502468
2442  -0.689922
2443  -0.808228
2444  -0.79009
2445  -0.711514
2446  -0.790736
2447  -0.533483
2448  -0.735161
2449  -0.81332
2450  -1.03841
2451  -1.10642
2452  -1.36737
2453  -0.963272
2454  -1.1596
2455  -1.45262
2456  -1.00678
2457  -1.25431
2458  -1.23693
2459  -1.65795
2460  -2.13636
2461  -1.98444
2462  -1.64911
2463  -2.14939
2464  -2.48128
2465  -2.5545
2466  -2.42424
2467  -1.91997
2468  -2.00027
2469  -2.34803
2470  -2.20518
2471  -1.91399
2472  -2.31308
2473  -2.03743
2474  -2.16833
2475  -1.67296
2476  -1.50907
2477  -1.35813
2478  -1.34689
2479  -1.24814
2480  -1.88493
2481  -1.29929
2482  -0.980804
2483  -1.29075
2484  -1.03427
2485  -1.10455
2486  -1.01772
2487  -1.00112
2488  -1.05605
2489  -0.690242
2490  -0.990251
2491  -1.15827
2492  -1.07911
2493  -1.48951
2494  -1.17114
2495  -1.01514
2496  -0.554945
2497  -1.20005
2498  -1.34778
2499  -0.959038
