0  0.488064
1  1.27744
2  0.2353
3  0.293357
4  -0.271991
5  -0.741804
6  -0.451944
7  0.61205
8  0.235497
9  0.948465
10  0.448913
11  -0.471457
12  -0.939476
13  0.46207
14  -0.418523
15  -0.840905
16  -0.225821
17  -0.100634
18  -0.669022
19  -0.0950383
20  0.516045
21  0.684
22  0.309589
23  -1.08553
24  -0.596441
25  0.312242
26  -0.405625
27  -0.552155
28  -0.451925
29  -0.53272
30  1.24362
31  0.842842
32  0.461326
33  -0.424481
34  0.0144353
35  0.677899
36  0.0794481
37  1.12837
38  -0.0304287
39  0.678348
40  0.287613
41  -0.781433
42  0.56916
43  -0.275418
44  0.806458
45  0.089814
46  -0.87799
47  -0.613936
48  -0.905684
49  0.098983
50  0.699784
51  -0.535473
52  -0.608878
53  0.277072
54  0.418986
55  0.262688
56  -0.893881
57  0.516039
58  0.396662
59  -0.408557
60  -0.950508
61  0.286314
62  0.382854
63  -0.114723
64  -0.55162
65  -0.268319
66  0.686612
67  0.509466
68  -0.300529
69  0.116762
70  0.156767
71  -0.00224584
72  -0.0554207
73  -0.00765712
74  -0.303801
75  -0.0563469
76  -0.19784
77  -0.310919
78  1.23529
79  0.409725
80  -0.0738185
81  0.387376
82  -0.649086
83  0.775888
84  -0.726076
85  -0.506895
86  -0.804875
87  1.1749
88  0.851475
89  0.521047
90  0.213937
91  -0.861969
92  0.336649
93  0.00558275
94  -1.29995
95  0.89384
96  0.431022
97  0.441217
98  1.06342
99  -0.104055
100  -0.553085
101  -0.914862
102  0.271669
103  0.455646
104  0.317093
105  0.504159
106  -0.167318
107  -0.658919
108  -1.6065
109  0.234994
110  0.711597
111  -0.0383224
112  0.0271149
113  -0.218106
114  0.256232
115  0.770565
116  0.162367
117  0.318883
118  0.23819
119  -0.682442
120  -0.637587
121  0.44054
122  0.190539
123  -0.427056
124  0.175156
125  0.719694
126  -0.00232171
127  0.280143
128  -0.216743
129  0.32627
130  -1.59534
131  -0.024639
132  -1.02336
133  0.00201305
134  0.455858
135  0.0929355
136  0.298835
137  0.288389
138  0.722951
139  -0.221858
140  1.16251
141  0.852586
142  -0.159725
143  -0.297204
144  0.0493453
145  0.133898
146  0.675223
147  -0.182877
148  0.131442
149  1.12774
150  -0.375369
151  0.801928
152  0.766663
153  0.0884691
154  0.114913
155  0.664632
156  0.0952367
157  -0.298711
158  -0.110822
159  0.383465
160  -0.400787
161  -0.197164
162  -0.310499
163  -0.31508
164  0.894088
165  -0.42239
166  0.299513
167  -0.262786
168  -0.733416
169  -0.63237
170  -0.396861
171  0.287527
172  0.313249
173  -0.0683962
174  -0.620788
175  -0.552687
176  -0.457742
177  -0.467139
178  0.297287
179  0.147704
180  -1.33734
181  -0.0416429
182  -0.177628
183  -0.766756
184  -1.17517
185  0.372836
186  0.277854
187  0.228305
188  -0.864008
189  -1.02979
190  -0.172637
191  0.0117704
192  0.828335
193  0.644574
194  0.858858
195  0.320747
196  0.976941
197  0.748578
198  0.467175
199  0.438507
200  0.318522
201  0.29802
202  0.184288
203  0.108156
204  -0.295221
205  0.428442
206  0.387339
207  0.230245
208  -0.205135
209  -0.340965
210  0.0349408
211  0.686007
212  0.307727
213  0.50066
214  0.267977
215  -0.154685
216  -0.17991
217  -0.278236
218  -0.282402
219  -0.0889758
220  -0.522634
221  -0.446511
222  -0.761277
223  -0.731349
224  -0.428154
225  0.22438
226  0.388097
227  0.683069
228  0.754813
229  -0.537514
230  0.0790643
231  0.140478
232  0.127556
233  -0.410613
234  -0.676201
235  -0.504179
236  -0.814575
237  -0.0478938
238  -0.61568
239  -0.292667
240  0.109793
241  0.248772
242  0.498499
243  0.483194
244  0.560417
245  -0.333528
246  0.17845
247  0.505321
248  0.0686304
249  -0.629514
250  -0.240687
251  -0.60759
252  0.991081
253  -0.136692
254  0.319652
255  -0.163038
256  0.564819
257  -0.0431069
258  -0.899246
259  0.6909
260  0.500151
261  -0.0662316
262  0.173053
263  0.044519
264  -0.469656
265  0.819757
266  0.434373
267  -1.04044
268  0.057232
269  -0.0764202
270  0.984024
271  0.980471
272  -0.12599
273  -0.0401998
274  0.338712
275  -0.0837788
276  0.80726
277  0.406113
278  0.173938
279  1.30507
280  0.25067
281  0.142951
282  -0.436937
283  -0.650125
284  -1.276
285  0.30012
286  0.303852
287  0.0243077
288  -0.0141967
289  0.316325
290  -0.261789
291  0.747343
292  0.308345
293  -0.153901
294  -0.157176
295  0.339304
296  0.175924
297  -0.364343
298  -1.20642
299  -0.149523
300  0.115365
301  0.613622
302  -0.202769
303  0.400948
304  0.1893
305  1.14429
306  0.481216
307  -0.277344
308  -0.51572
309  0.512328
310  -0.924226
311  -0.239412
312  -0.0911854
313  -0.0943935
314  -0.514493
315  -1.03442
316  -0.714287
317  -0.402246
318  -0.971201
319  -0.322537
320  -0.62521
321  -0.500575
322  -0.13825
323  0.0275656
324  -0.220273
325  -0.0134703
326  1.19958
327  -0.0878365
328  0.0118292
329  0.125607
330  1.47258
331  -0.526202
332  0.901963
333  0.111117
334  -0.297138
335  -0.654558
336  -0.0944516
337  -0.346589
338  -0.210827
339  -0.0654218
340  -0.00409671
341  0.468232
342  -0.0208411
343  0.379164
344  -0.283986
345  0.0495207
346  0.064463
347  -0.656301
348  0.278536
349  0.479331
350  -0.159728
351  -0.036627
352  0.0950048
353  -0.195692
354  -0.409562
355  -0.369111
356  -0.373668
357  -0.383037
358  -0.035196
359  -0.229881
360  -0.260907
361  0.448209
362  0.0895314
363  -0.0866422
364  0.0966796
365  -0.520626
366  -0.509284
367  -0.421652
368  -0.403175
369  0.589807
370  0.216135
371  -0.392537
372  -0.42758
373  0.211949
374  0.387472
375  0.240719
376  -0.00528123
377  -0.440618
378  -0.841481
379  0.152704
380  0.975387
381  -0.156278
382  0.394963
383  -1.33639
384  -0.117865
385  0.782361
386  0.142788
387  -0.964626
388  -0.266189
389  0.0658463
390  -0.861169
391  -0.52665
392  0.53643
393  -0.32169
394  -0.120788
395  -0.0439863
396  -0.282717
397  -0.556846
398  0.274963
399  -0.249821
400  0.300819
401  -0.389999
402  -0.908776
403  -0.168135
404  0.492105
405  0.840981
406  0.350419
407  -0.141529
408  0.363109
409  -0.131872
410  -0.017475
411  -0.000478106
412  -0.551603
413  0.114431
414  0.755273
415  0.0561977
416  0.203199
417  0.404447
418  0.81517
419  0.3799
420  0.0870905
421  0.81931
422  0.500004
423  1.11177
424  1.3142
425  -0.700643
426  -0.843729
427  0.0157902
428  1.41948
429  1.48193
430  0.688692
431  -0.483062
432  -0.0907693
433  0.280996
434  -0.614609
435  0.146217
436  -0.432092
437  -0.996795
438  0.174986
439  0.141172
440  -0.0723277
441  0.114683
442  1.14442
443  0.140563
444  0.412008
445  0.0124554
446  -0.432031
447  -0.165631
448  0.352307
449  -0.54133
450  0.832711
451  0.167702
452  0.852851
453  0.33751
454  -1.54378
455  0.148092
456  0.280515
457  0.0186414
458  -0.0412747
459  -0.0863303
460  0.435851
461  -1.14638
462  -0.409032
463  -0.0628563
464  0.291078
465  0.527444
466  -0.769965
467  0.54659
468  -0.321203
469  -1.19751
470  0.332953
471  0.657868
472  -0.0614597
473  0.340488
474  0.652897
475  -1.26438
476  -0.778173
477  0.186526
478  0.504725
479  0.205097
480  -0.181292
481  -0.386233
482  0.769984
483  -0.0406979
484  0.0250382
485  -0.317725
486  -0.231492
487  0.585616
488  -0.472679
489  -0.0749949
490  0.751522
491  0.315868
492  0.403234
493  -0.0481961
494  -0.406697
495  0.022235
496  0.661413
497  -0.624465
498  0.0537343
499  0.851386
500  -0.627687
501  -0.674309
502  0.622919
503  0.721079
504  0.613348
505  -0.349991
506  0.817541
507  0.186646
508  -1.15197
509  -15.3075
510  -112.76
511  -414.63
512  -973.5
513  -1669.05
514  -2324.25
515  -2815.24
516  -3095.25
517  -3178.14
518  -3115.22
519  -2951.53
520  -2723.39
521  -2464
522  -2192.25
523  -1925.07
524  -1674.74
525  -1450.03
526  -1249.96
527  -1077.21
528  -929.333
529  -805.813
530  -703.685
531  -618.267
532  -545.937
533  -484.034
534  -430.772
535  -383.061
536  -339.506
537  -300.111
538  -265.087
539  -234.948
540  -211.283
541  -191.1
542  -178.346
543  -168.354
544  -159.898
545  -154.025
546  -146.567
547  -136.363
548  -126.695
549  -116.658
550  -107.111
551  -98.7572
552  -95.0735
553  -90.3736
554  -90.0284
555  -90.3946
556  -92.2844
557  -92.0404
558  -91.1435
559  -89.5596
560  -83.6072
561  -81.5899
562  -79.7325
563  -78.0053
564  -77.5918
565  -79.2692
566  -79.4988
567  -78.7542
568  -77.8465
569  -74.8085
570  -71.6216
571  -66.289
572  -63.8613
573  -61.2266
574  -58.2002
575  -57.1937
576  -57.8736
577  -58.8398
578  -56.8752
579  -58.0358
580  -57.8475
581  -54.8941
582  -53.0669
583  -52.1427
584  -50.9118
585  -52.5579
586  -53.2012
587  -53.9729
588  -56.0455
589  -57.2548
590  -57.3212
591  -56.7554
592  -54.4544
593  -50.8267
594  -47.3558
595  -43.4842
596  -43.2092
597  -43.4198
598  -43.5032
599  -43.937
600  -42.9045
601  -43.2852
602  -42.3589
603  -42.0122
604  -39.6035
605  -36.5118
606  -33.8164
607  -30.8163
608  -29.9385
609  -29.3462
610  -31.6072
611  -33.3036
612  -34.7239
613  -35.8078
614  -36.1056
615  -33.2721
616  -30.5746
617  -28.0451
618  -25.7056
619  -23.8614
620  -22.2668
621  -22.4174
622  -23.8391
623  -26.5027
624  -27.269
625  -28.9653
626  -29.9987
627  -30.8107
628  -30.7148
629  -31.2584
630  -31.9727
631  -32.4555
632  -32.6101
633  -31.867
634  -30.7761
635  -30.5295
636  -29.6981
637  -28.7206
638  -26.7112
639  -26.3342
640  -26.7549
641  -26.3618
642  -26.9217
643  -27.5862
644  -27.5525
645  -29.9727
646  -31.0558
647  -33.9638
648  -35.3828
649  -37.1628
650  -40.2344
651  -44.0883
652  -49.7876
653  -56.4766
654  -62.9563
655  -66.5068
656  -68.7944
657  -68.0634
658  -64.8377
659  -60.4705
660  -54.6551
661  -48.1676
662  -43.3035
663  -39.442
664  -34.7537
665  -30.6573
666  -26.9587
667  -24.4853
668  -22.755
669  -20.8373
670  -20.6638
671  -18.7977
672  -17.1348
673  -16.4489
674  -16.6682
675  -15.2528
676  -15.1934
677  -13.6051
678  -13.3993
679  -12.1064
680  -11.1268
681  -10.8925
682  -9.25715
683  -8.04627
684  -6.69199
685  -6.98722
686  -6.4548
687  -5.79196
688  -6.38096
689  -7.91867
690  -8.64008
691  -8.25207
692  -8.23222
693  -8.6446
694  -7.67821
695  -9.96283
696  -8.87129
697  -8.96482
698  -10.398
699  -8.89802
700  -10.2973
701  -9.83581
702  -10.0586
703  -9.74496
704  -8.3948
705  -8.42413
706  -8.06244
707  -8.77941
708  -8.48594
709  -9.03723
710  -10.4592
711  -10.0382
712  -9.87325
713  -10.5793
714  -10.1979
715  -10.3288
716  -9.90857
717  -9.35703
718  -7.22986
719  -7.07921
720  -8.40767
721  -8.92029
722  -8.49135
723  -8.54423
724  -8.41758
725  -8.25047
726  -7.63574
727  -7.03677
728  -5.60262
729  -4.83988
730  -6.6662
731  -4.92122
732  -4.70329
733  -4.81785
734  -4.33053
735  -5.81819
736  -4.09886
737  -2.04762
738  -2.21014
739  -2.27472
740  -0.789268
741  -0.480926
742  -0.671052
743  -1.83028
744  -1.63686
745  -1.25507
746  -2.08221
747  -3.29343
748  -3.47799
749  -4.57442
750  -5.62387
751  -6.87295
752  -9.67713
753  -11.874
754  -16.5383
755  -19.7716
756  -23.109
757  -26.033
758  -28.7623
759  -30.2489
760  -31.3817
761  -31.8839
762  -31.3469
763  -30.2351
764  -30.1892
765  -27.3845
766  -27.5072
767  -27.6498
768  -25.9227
769  -26.0383
770  -25.3384
771  -25.8135
772  -26.2196
773  -27.2359
774  -30.0853
775  -31.0506
776  -31.4128
777  -29.619
778  -27.1619
779  -22.2878
780  -17.1056
781  -11.4635
782  -4.11251
783  0.330287
784  5.68938
785  9.0844
786  12.9688
787  15.5131
788  16.8557
789  17.9277
790  18.5608
791  18.0867
792  18.4051
793  18.5403
794  19.2172
795  18.5811
796  17.4736
797  18.3993
798  16.5594
799  16.1581
800  15.6263
801  15.1425
802  15.6052
803  15.1688
804  15.539
805  13.8536
806  13.1573
807  12.7836
808  11.8986
809  11.97
810  9.84134
811  10.1637
812  10.3659
813  9.98618
814  9.93457
815  9.17778
816  9.50493
817  9.66133
818  9.32246
819  8.36587
820  7.66739
821  6.79255
822  6.8163
823  6.77314
824  5.11723
825  4.90171
826  5.97214
827  5.44111
828  5.39592
829  4.71397
830  5.34084
831  6.31865
832  4.76314
833  6.15082
834  5.36176
835  4.4757
836  5.40749
837  5.31924
838  4.85298
839  4.76724
840  5.14351
841  5.58377
842  6.09635
843  5.0397
844  4.94232
845  4.61576
846  5.33642
847  4.56238
848  4.50064
849  5.14511
850  4.62643
851  4.11753
852  4.73029
853  3.92617
854  3.35143
855  4.49942
856  3.82249
857  4.0853
858  4.65922
859  4.50971
860  4.16466
861  3.30864
862  3.16004
863  4.84607
864  4.62538
865  4.25176
866  4.52288
867  3.55374
868  3.59583
869  4.25089
870  4.2531
871  3.55115
872  2.89137
873  3.91016
874  3.26008
875  3.39853
876  3.14077
877  3.13985
878  3.52842
879  4.17048
880  4.18384
881  3.07347
882  2.64061
883  1.68534
884  2.50311
885  2.92993
886  2.48956
887  1.95974
888  2.8881
889  2.95204
890  2.88966
891  1.81558
892  2.14335
893  1.80041
894  1.20828
895  2.12329
896  2.27988
897  1.84937
898  1.71995
899  1.9158
900  1.49288
901  2.00838
902  1.86934
903  2.44207
904  1.7672
905  1.91101
906  1.92812
907  2.18674
908  2.2272
909  1.72379
910  1.4444
911  1.99285
912  1.35127
913  0.842157
914  1.12266
915  1.71847
916  1.76074
917  1.53951
918  2.23706
919  1.8627
920  1.85603
921  2.61897
922  2.52509
923  2.71096
924  2.26387
925  2.24666
926  4.41533
927  2.06964
928  2.92543
929  2.56601
930  2.62942
931  3.64523
932  3.73541
933  2.94766
934  2.27552
935  2.94787
936  2.52774
937  2.55222
938  2.40173
939  2.5383
940  2.44056
941  3.15148
942  2.78902
943  2.46568
944  1.73811
945  2.8505
946  2.40348
947  2.33701
948  1.51015
949  2.3619
950  2.0981
951  1.85303
952  1.34196
953  1.8136
954  1.54966
955  2.40675
956  1.99449
957  2.4424
958  2.89182
959  2.07487
960  2.17327
961  1.28411
962  1.30942
963  1.42563
964  1.80524
965  0.839631
966  1.89782
967  1.86517
968  1.79918
969  1.40099
970  1.88873
971  1.22648
972  0.906347
973  1.97519
974  2.25857
975  1.61727
976  1.14094
977  1.95181
978  1.84686
979  2.08034
980  2.74361
981  1.39703
982  2.39809
983  2.44565
984  0.678296
985  1.23982
986  1.78768
987  0.896742
988  2.01552
989  1.64969
990  0.656005
991  1.94568
992  2.24156
993  0.973777
994  1.02694
995  1.33872
996  0.787844
997  1.08977
998  0.569941
999  0.577115
1000  1.87694
1001  0.740272
1002  0.710988
1003  1.71382
1004  0.583547
1005  0.640183
1006  0.787721
1007  0.450555
1008  0.51106
1009  1.45736
1010  1.50644
1011  0.306322
1012  0.38242
1013  -0.0216836
1014  0.670263
1015  1.24375
1016  1.55999
1017  0.733062
1018  0.881475
1019  0.664261
1020  0.76919
1021  0.964976
1022  0.565233
1023  1.14949
1024  0.353895
1025  0.897191
1026  1.32353
1027  1.21437
1028  1.42519
1029  1.79301
1030  1.55463
1031  1.31557
1032  1.45033
1033  1.28923
1034  1.94877
1035  1.04501
1036  0.54757
1037  2.67713
1038  1.71872
1039  0.165653
1040  0.703951
1041  1.30113
1042  2.39782
1043  0.797015
1044  1.56744
1045  2.8787
1046  1.64659
1047  1.96336
1048  1.516
1049  2.09343
1050  2.181
1051  1.36152
1052  1.85466
1053  2.11125
1054  1.54015
1055  2.65237
1056  2.75612
1057  0.792561
1058  1.16193
1059  0.910527
1060  1.42072
1061  0.0334021
1062  0.433119
1063  1.79067
1064  0.80507
1065  0.494949
1066  1.50381
1067  1.77751
1068  2.59973
1069  1.13029
1070  1.57322
1071  0.641253
1072  0.402867
1073  0.500519
1074  0.960948
1075  0.423405
1076  0.246275
1077  0.841926
1078  1.20742
1079  1.33164
1080  1.81166
1081  1.46052
1082  0.814481
1083  0.448668
1084  0.0451573
1085  0.350586
1086  0.35942
1087  0.0432468
1088  1.06272
1089  0.904318
1090  1.41848
1091  1.66527
1092  0.263318
1093  1.10272
1094  2.00156
1095  0.922085
1096  0.703546
1097  1.01614
1098  1.05774
1099  1.14502
1100  0.580199
1101  1.12767
1102  2.68414
1103  1.2719
1104  0.334515
1105  0.156377
1106  0.94024
1107  1.18994
1108  1.25845
1109  1.11753
1110  0.969928
1111  1.63367
1112  1.31544
1113  1.02332
1114  1.46784
1115  0.366398
1116  1.20448
1117  1.76677
1118  1.15361
1119  1.80785
1120  1.7291
1121  0.82288
1122  0.316434
1123  0.00912211
1124  0.471784
1125  0.650456
1126  1.79978
1127  0.660805
1128  1.497
1129  0.827649
1130  0.835279
1131  0.905971
1132  0.0896505
1133  0.76181
1134  0.729475
1135  0.810483
1136  1.19787
1137  1.30343
1138  0.481501
1139  1.01609
1140  0.886058
1141  0.577672
1142  0.72408
1143  1.01017
1144  0.112575
1145  1.31505
1146  1.85558
1147  -0.0651739
1148  1.04648
1149  0.826446
1150  -0.201226
1151  0.608756
1152  0.435487
1153  0.390643
1154  1.43007
1155  0.436327
1156  1.33039
1157  1.33752
1158  1.13156
1159  -0.0229479
1160  1.00131
1161  0.62203
1162  0.557376
1163  0.715853
1164  1.3194
1165  -0.532418
1166  0.767058
1167  -0.25951
1168  0.696349
1169  0.261552
1170  1.0805
1171  0.263974
1172  0.605196
1173  0.682189
1174  1.4504
1175  0.60293
1176  0.429332
1177  0.80344
1178  1.0129
1179  0.869426
1180  0.689939
1181  0.183077
1182  0.544442
1183  1.20586
1184  0.60084
1185  1.12166
1186  -0.100708
1187  1.31942
1188  0.842248
1189  1.23491
1190  2.38915
1191  0.923008
1192  0.948149
1193  0.887639
1194  0.503016
1195  0.546192
1196  0.0911603
1197  -0.076574
1198  1.49906
1199  0.735588
1200  0.889947
1201  -0.261295
1202  0.382286
1203  0.527913
1204  0.76191
1205  1.28005
1206  -0.160435
1207  -0.19707
1208  0.940136
1209  1.40223
1210  -0.403651
1211  1.2476
1212  1.69878
1213  0.470651
1214  1.02933
1215  0.979318
1216  0.530118
1217  0.685318
1218  -0.247457
1219  -0.333552
1220  -0.082259
1221  0.213429
1222  -0.382299
1223  1.2908
1224  0.405876
1225  1.34891
1226  0.421913
1227  -0.540887
1228  -0.320985
1229  0.967032
1230  0.471218
1231  0.513903
1232  0.913219
1233  0.300887
1234  0.547537
1235  1.10139
1236  0.0527027
1237  1.34743
1238  2.04719
1239  0.609604
1240  0.713322
1241  0.618851
1242  -0.0293651
1243  -0.0297721
1244  0.737755
1245  1.41474
1246  0.919334
1247  0.518405
1248  -0.0275455
1249  0.495611
1250  0.558647
1251  -0.240135
1252  -0.470214
1253  0.658362
1254  0.633244
1255  0.723171
1256  0.273374
1257  1.90589
1258  1.2083
1259  1.15561
1260  0.296622
1261  1.15436
1262  0.314748
1263  0.297474
1264  0.0228049
1265  0.264604
1266  0.49475
1267  0.630154
1268  0.223737
1269  0.0123041
1270  0.441142
1271  0.399161
1272  1.61088
1273  0.326139
1274  0.472949
1275  1.04307
1276  0.523763
1277  0.147083
1278  0.736192
1279  1.31763
1280  0.951164
1281  -0.268976
1282  -0.375548
1283  -0.958689
1284  0.0120355
1285  0.52227
1286  -0.450199
1287  -0.139522
1288  -0.0906205
1289  0.410713
1290  0.101524
1291  0.707005
1292  0.838161
1293  0.058065
1294  0.506329
1295  -0.14191
1296  0.996484
1297  0.0430876
1298  -0.10286
1299  -0.0530757
1300  0.426102
1301  0.608696
1302  0.825953
1303  0.497531
1304  0.6233
1305  0.350519
1306  0.438082
1307  0.809754
1308  0.264954
1309  -1.03888
1310  0.326595
1311  0.264571
1312  0.426279
1313  -1.11551
1314  -0.203147
1315  -0.0364348
1316  0.269133
1317  0.090351
1318  -0.104004
1319  1.11609
1320  -0.308757
1321  1.03657
1322  -0.584522
1323  -0.674923
1324  0.0478475
1325  0.563236
1326  0.632457
1327  -0.215825
1328  0.5153
1329  0.855297
1330  0.647341
1331  0.583927
1332  0.51564
1333  -0.506841
1334  -0.862967
1335  0.274378
1336  -0.225254
1337  -0.306338
1338  -0.554622
1339  -0.430991
1340  0.903436
1341  0.524837
1342  0.884832
1343  0.00800952
1344  -0.818851
1345  0.132782
1346  -0.426737
1347  -0.153689
1348  -0.113746
1349  -0.366401
1350  -0.445295
1351  0.164434
1352  0.102958
1353  0.463488
1354  0.354764
1355  0.320763
1356  0.357321
1357  -0.297294
1358  -0.75784
1359  -0.489453
1360  -0.466249
1361  0.561836
1362  0.0707107
1363  0.284481
1364  0.401397
1365  0.186643
1366  -0.0867561
1367  0.0290739
1368  0.0677963
1369  0.633554
1370  0.371243
1371  0.153609
1372  0.189084
1373  0.26332
1374  -0.17707
1375  -0.506297
1376  0.939461
1377  1.43785
1378  0.453992
1379  -0.558024
1380  -0.151983
1381  -0.484145
1382  -0.00819348
1383  0.450753
1384  0.91344
1385  0.697559
1386  -0.427069
1387  -0.0133753
1388  -0.0984186
1389  0.801792
1390  0.831405
1391  0.635371
1392  0.727288
1393  -0.0648488
1394  0.449583
1395  0.382571
1396  0.449956
1397  -0.121312
1398  0.41561
1399  0.435354
1400  0.702368
1401  0.125271
1402  0.0204014
1403  0.509672
1404  0.623211
1405  -0.403213
1406  0.134686
1407  -0.629599
1408  -0.751923
1409  0.899507
1410  0.280108
1411  0.286683
1412  -0.0255455
1413  0.591152
1414  -0.569515
1415  -1.30698
1416  -0.21525
1417  -0.00838828
1418  0.446526
1419  0.469654
1420  0.0685607
1421  -0.583287
1422  0.726444
1423  0.773706
1424  1.85163
1425  0.645769
1426  -0.624462
1427  -0.632868
1428  -0.238735
1429  0.711192
1430  -0.63756
1431  0.0980354
1432  1.06656
1433  1.04639
1434  0.648987
1435  0.405854
1436  0.111963
1437  0.715949
1438  -0.392329
1439  -0.161617
1440  -0.176454
1441  0.165293
1442  0.179994
1443  0.236002
1444  0.71819
1445  1.51458
1446  0.322256
1447  0.955708
1448  0.17339
1449  0.453395
1450  0.859409
1451  -0.194716
1452  1.08993
1453  0.787908
1454  0.850291
1455  0.447536
1456  1.01965
1457  0.181212
1458  0.819484
1459  0.858753
1460  -0.279435
1461  0.714523
1462  2.14515
1463  0.0522924
1464  0.32796
1465  0.749818
1466  0.162412
1467  0.419314
1468  0.590895
1469  0.257914
1470  -0.241133
1471  -0.270049
1472  0.206084
1473  0.208311
1474  0.453127
1475  0.404792
1476  0.430661
1477  -0.165319
1478  0.166817
1479  0.396621
1480  0.159645
1481  0.583363
1482  0.510719
1483  -0.949973
1484  -0.138263
1485  0.657444
1486  0.199477
1487  0.077482
1488  -0.0537022
1489  -1.17595
1490  0.00367645
1491  -0.631387
1492  -0.504044
1493  0.0200659
1494  -0.168346
1495  1.69477
1496  -0.667238
1497  -0.635835
1498  0.462187
1499  0.433858
1500  0.558573
1501  0.76653
1502  0.479498
1503  -0.579881
1504  -0.161077
1505  -0.0504541
1506  -0.0378287
1507  -0.358314
1508  -0.104322
1509  -0.390857
1510  -0.305177
1511  0.160768
1512  0.885056
1513  0.609544
1514  -0.0207397
1515  -0.543504
1516  -0.969272
1517  -1.08642
1518  -0.324435
1519  -0.612577
1520  0.784779
1521  -0.34664
1522  -1.01486
1523  -0.642845
1524  0.0373454
1525  0.320411
1526  0.267163
1527  -0.0427309
1528  0.499242
1529  0.103781
1530  0.690796
1531  0.336967
1532  -0.172415
1533  0.696823
1534  -0.00371274
1535  -0.124118
1536  0.547572
1537  0.28373
1538  -0.289028
1539  0.487439
1540  0.790179
1541  -0.346337
1542  0.289755
1543  0.476306
1544  0.150612
1545  -0.0654277
1546  0.268656
1547  -0.955114
1548  0.0599191
1549  -0.73779
1550  0.0283384
1551  -0.211492
1552  -0.728468
1553  0.161783
1554  -0.425598
1555  0.176482
1556  0.40988
1557  -0.123285
1558  -0.0119903
1559  0.206647
1560  0.0819268
1561  0.241612
1562  -0.200861
1563  0.449579
1564  0.450136
1565  0.176468
1566  0.34913
1567  -0.272632
1568  0.983946
1569  -0.232096
1570  -0.866921
1571  -1.63955
1572  0.0251332
1573  0.406433
1574  -0.00676962
1575  -0.072721
1576  -0.110889
1577  -0.137277
1578  1.10413
1579  0.37286
1580  -0.10028
1581  0.401321
1582  -0.157054
1583  -0.0833456
1584  0.159408
1585  0.0760577
1586  -0.144342
1587  0.427832
1588  -0.226252
1589  0.287883
1590  -0.591685
1591  -0.294272
1592  0.361494
1593  0.202617
1594  0.408744
1595  0.369416
1596  0.968655
1597  0.314675
1598  0.609079
1599  0.484002
1600  0.612385
1601  -0.727653
1602  0.212858
1603  -0.0742327
1604  -0.308343
1605  1.02631
1606  0.275976
1607  -0.312026
1608  0.423102
1609  1.24849
1610  -0.301183
1611  0.854862
1612  0.0102899
1613  -0.675799
1614  -0.83437
1615  -0.474481
1616  0.0550153
1617  -0.709038
1618  -0.26774
1619  0.0270009
1620  0.256791
1621  -0.0162128
1622  -0.0699893
1623  0.110756
1624  0.320332
1625  0.0408828
1626  -0.027785
1627  0.189385
1628  0.185117
1629  -0.155306
1630  0.0466337
1631  -0.13329
1632  0.788215
1633  0.351345
1634  0.754424
1635  0.337339
1636  -0.255095
1637  0.818165
1638  1.16973
1639  0.711009
1640  1.05195
1641  0.161731
1642  -0.242864
1643  0.369644
1644  0.229862
1645  0.767485
1646  -0.597098
1647  0.158339
1648  -0.471223
1649  -0.094844
1650  0.751876
1651  -0.266421
1652  -0.495494
1653  0.448677
1654  0.319704
1655  0.0632255
1656  -0.072501
1657  -0.398645
1658  0.615922
1659  -0.317943
1660  -0.279294
1661  0.632943
1662  0.560868
1663  -0.116779
1664  0.803485
1665  -0.715297
1666  -0.276663
1667  0.142189
1668  -0.599168
1669  -0.545042
1670  0.207305
1671  -0.37377
1672  0.0781446
1673  -0.348635
1674  0.230923
1675  -0.498829
1676  0.216605
1677  0.910171
1678  -0.28835
1679  0.0761399
1680  -0.296111
1681  0.159992
1682  -0.376024
1683  0.260537
1684  0.204303
1685  0.669762
1686  0.431465
1687  0.382635
1688  -0.133201
1689  0.856694
1690  0.689612
1691  0.886553
1692  -0.0734339
1693  -0.103241
1694  -0.201134
1695  0.311685
1696  0.330703
1697  0.469183
1698  -0.0448639
1699  -0.165758
1700  0.262044
1701  -0.553167
1702  0.185692
1703  1.45628
1704  -0.0669401
1705  0.722618
1706  0.729149
1707  -0.0297924
1708  0.871604
1709  0.308044
1710  0.120388
1711  -0.222979
1712  -0.0452793
1713  0.0711489
1714  0.889297
1715  0.915842
1716  0.286894
1717  0.723246
1718  -0.0085203
1719  0.80941
1720  0.848092
1721  0.0864342
1722  1.15766
1723  0.607751
1724  0.0685516
1725  0.515628
1726  -0.689216
1727  0.347696
1728  0.36126
1729  -0.7545
1730  0.651227
1731  -0.128997
1732  0.509593
1733  0.510678
1734  0.251641
1735  0.264059
1736  0.328438
1737  0.775296
1738  -1.32221
1739  0.498347
1740  -0.0335482
1741  -0.0296468
1742  0.430431
1743  -0.0370137
1744  -0.785774
1745  0.128327
1746  0.544453
1747  -0.664669
1748  0.218568
1749  1.13319
1750  0.441141
1751  0.736234
1752  -0.0437188
1753  0.363566
1754  -0.280662
1755  0.73885
1756  0.330241
1757  0.364425
1758  0.550083
1759  1.79038
1760  1.02639
1761  0.645783
1762  -0.242896
1763  0.825318
1764  0.433649
1765  0.48603
1766  -0.141877
1767  0.153488
1768  0.353992
1769  -0.711288
1770  -0.583589
1771  0.649011
1772  0.488882
1773  0.30753
1774  -0.676003
1775  0.217745
1776  0.264317
1777  0.349829
1778  0.174649
1779  1.22456
1780  0.89402
1781  -0.388708
1782  0.640691
1783  0.198865
1784  0.77102
1785  -0.374222
1786  0.539209
1787  1.17467
1788  0.270971
1789  0.326509
1790  0.17406
1791  0.990963
1792  1.30824
1793  0.864013
1794  1.18505
1795  0.922369
1796  -0.391819
1797  0.361647
1798  0.172266
1799  0.725234
1800  0.722375
1801  0.279029
1802  0.408263
1803  -0.416388
1804  0.0539282
1805  0.326459
1806  -0.699383
1807  0.830254
1808  0.266037
1809  -0.575129
1810  0.194902
1811  -0.00720176
1812  0.335039
1813  0.0454102
1814  -0.387978
1815  -0.212068
1816  -0.396223
1817  0.587021
1818  0.733727
1819  0.0389391
1820  -0.160355
1821  0.337876
1822  0.329469
1823  -0.236358
1824  0.0476663
1825  0.127335
1826  1.25164
1827  1.4518
1828  0.394788
1829  0.270104
1830  0.183197
1831  -0.265904
1832  0.325572
1833  -0.0931547
1834  0.935986
1835  1.14083
1836  0.7508
1837  0.402822
1838  -0.120132
1839  -0.293864
1840  0.389806
1841  0.421541
1842  0.469343
1843  0.654718
1844  0.401425
1845  0.559038
1846  0.202184
1847  0.404529
1848  0.949276
1849  -0.219235
1850  -0.280527
1851  0.735115
1852  0.793623
1853  -0.0260924
1854  -1.12015
1855  -0.219808
1856  0.234973
1857  0.312844
1858  0.704473
1859  0.878879
1860  -0.494711
1861  -0.656126
1862  0.500551
1863  0.189418
1864  0.341145
1865  0.501705
1866  0.553668
1867  -0.600102
1868  0.558166
1869  -0.373547
1870  0.439798
1871  -0.321425
1872  -0.413035
1873  0.180114
1874  0.274352
1875  1.51937
1876  -0.508751
1877  0.134115
1878  -0.169865
1879  -0.784913
1880  0.154803
1881  -0.404383
1882  0.159239
1883  -0.687058
1884  0.786583
1885  -0.0176234
1886  0.196572
1887  -0.64402
1888  -0.132004
1889  0.542607
1890  1.26026
1891  0.0612806
1892  0.388404
1893  0.776548
1894  0.92479
1895  0.654092
1896  -0.0602352
1897  1.52307
1898  -0.875482
1899  0.104818
1900  -0.127079
1901  1.09821
1902  0.58926
1903  0.0991822
1904  1.31866
1905  0.546456
1906  -0.00832242
1907  0.482132
1908  0.621617
1909  -0.528397
1910  1.16103
1911  0.0971052
1912  0.317715
1913  0.234671
1914  -0.50683
1915  0.977794
1916  0.447912
1917  0.55948
1918  0.635595
1919  -0.213228
1920  0.273171
1921  0.371679
1922  0.221388
1923  0.889341
1924  1.38559
1925  0.697429
1926  0.432279
1927  0.921877
1928  0.258733
1929  0.144854
1930  0.641001
1931  -0.159416
1932  -0.816179
1933  0.284207
1934  0.952884
1935  0.843182
1936  1.19676
1937  0.0606945
1938  -0.358239
1939  -0.0313229
1940  0.206862
1941  -0.284116
1942  0.36484
1943  1.7124
1944  0.613357
1945  1.07796
1946  -0.12797
1947  -0.260569
1948  0.341925
1949  -0.560553
1950  0.732132
1951  0.243782
1952  0.312267
1953  -0.0949176
1954  -0.406167
1955  -0.844751
1956  0.572217
1957  0.11065
1958  -0.344525
1959  0.768951
1960  -0.347886
1961  0.21877
1962  0.150694
1963  -0.39397
1964  0.00113402
1965  -0.6494
1966  0.0560938
1967  -0.728451
1968  -0.400154
1969  -0.00111827
1970  0.100409
1971  -0.724492
1972  -0.95767
1973  -0.402901
1974  0.611305
1975  0.788257
1976  -0.22275
1977  -0.39855
1978  0.760872
1979  0.135462
1980  0.476977
1981  0.649825
1982  0.0869577
1983  1.33521
1984  0.0442071
1985  -0.775348
1986  0.534404
1987  -0.110707
1988  0.252488
1989  0.102453
1990  0.723341
1991  0.679103
1992  -0.293112
1993  0.533318
1994  0.231248
1995  -0.236877
1996  0.66902
1997  -0.659774
1998  -0.0935018
1999  -0.0209974
2000  -0.0230918
2001  1.00888
2002  0.212723
2003  0.343385
2004  -0.516475
2005  -0.150518
2006  -0.283917
2007  -0.258486
2008  0.499332
2009  -0.0158686
2010  0.0886044
2011  -0.0468961
2012  0.548734
2013  0.189502
2014  0.143006
2015  -0.195869
2016  -0.474484
2017  0.163849
2018  0.542129
2019  0.30823
2020  0.0905202
2021  0.168038
2022  0.821285
2023  0.704972
2024  0.560275
2025  0.617149
2026  0.800078
2027  0.36506
2028  -0.214659
2029  1.17772
2030  0.161742
2031  -1.16618
2032  -0.043599
2033  0.538818
2034  2.08789
2035  0.596122
2036  -0.357594
2037  0.312274
2038  -0.349138
2039  0.114664
2040  -0.45089
2041  0.0965964
2042  0.087788
2043  -0.0145906
2044  0.774901
2045  -0.302941
2046  -0.225894
2047  0.443886
2048  -0.256214
2049  1.32057
2050  1.54361
2051  0.938261
2052  -0.0141775
2053  0.362984
2054  0.206384
2055  0.601001
2056  0.196385
2057  -0.685889
2058  0.152833
2059  0.199056
2060  0.439519
2061  0.49928
2062  -0.749787
2063  0.416051
2064  0.755718
2065  0.629799
2066  -0.354938
2067  0.0507777
2068  -0.474224
2069  -0.654896
2070  0.310337
2071  -0.0577657
2072  0.0169143
2073  0.0976185
2074  1.17457
2075  -0.536882
2076  0.421567
2077  0.573009
2078  0.143329
2079  -0.857272
2080  0.400436
2081  -0.0600934
2082  0.71969
2083  1.22885
2084  0.854871
2085  0.221976
2086  0.0346711
2087  0.436489
2088  0.348811
2089  -0.37603
2090  0.552825
2091  -0.584188
2092  0.308275
2093  0.993155
2094  0.0989813
2095  0.862581
2096  -0.890615
2097  0.175548
2098  0.442423
2099  -0.051542
2100  -0.0891055
2101  -1.02217
2102  -0.299167
2103  0.258013
2104  0.5807
2105  0.264402
2106  0.100135
2107  -0.138118
2108  -0.0837216
2109  -0.51957
2110  -0.226466
2111  0.951929
2112  0.763003
2113  -0.509917
2114  0.183579
2115  0.884992
2116  0.0174777
2117  -0.384966
2118  0.635434
2119  0.713243
2120  -0.921917
2121  -0.300261
2122  0.213143
2123  0.177174
2124  0.657962
2125  0.216524
2126  0.336718
2127  0.837841
2128  0.380835
2129  0.516846
2130  -0.364122
2131  0.479047
2132  0.447274
2133  -0.53825
2134  -0.0942965
2135  -0.57794
2136  -0.114263
2137  -0.747571
2138  -0.27968
2139  -0.0996454
2140  -0.350163
2141  0.10849
2142  0.196516
2143  0.662931
2144  0.0760061
2145  0.697558
2146  0.552159
2147  -0.194569
2148  -0.00764627
2149  -0.54635
2150  0.292668
2151  0.221197
2152  -0.363964
2153  -0.289587
2154  0.416585
2155  -0.574289
2156  0.0752077
2157  0.990185
2158  0.63538
2159  0.124559
2160  -0.0626957
2161  0.452907
2162  0.123321
2163  -0.634018
2164  0.919249
2165  -0.563245
2166  0.182603
2167  -0.546595
2168  -0.0308166
2169  -0.186253
2170  0.135402
2171  0.538215
2172  0.454465
2173  0.113119
2174  0.554118
2175  -0.0256123
2176  -0.531178
2177  -0.94806
2178  -0.685718
2179  -0.236356
2180  -0.293666
2181  1.73244
2182  0.660562
2183  0.179496
2184  -0.4366
2185  -0.00347956
2186  -0.394276
2187  -0.185129
2188  -0.359416
2189  0.114464
2190  -0.299589
2191  0.486659
2192  -0.251185
2193  0.186373
2194  0.601269
2195  0.219948
2196  -0.0031226
2197  0.638828
2198  0.624047
2199  -0.105134
2200  -0.133964
2201  -0.919089
2202  -0.428586
2203  0.37377
2204  -1.47973
2205  -0.45166
2206  -0.450883
2207  -0.312486
2208  1.15602
2209  -0.0630183
2210  0.418537
2211  -0.173658
2212  -1.95938
2213  -0.763201
2214  0.358039
2215  -0.611974
2216  0.796195
2217  0.236648
2218  0.445069
2219  0.676397
2220  -0.347832
2221  0.503399
2222  0.389122
2223  -0.081066
2224  -0.282592
2225  -0.83289
2226  -0.158354
2227  0.353679
2228  1.43861
2229  0.981217
2230  -0.594699
2231  -0.704336
2232  -0.528456
2233  0.039196
2234  -0.656049
2235  -0.244608
2236  0.685274
2237  -0.269811
2238  -0.255658
2239  0.396502
2240  0.416876
2241  0.448668
2242  0.722004
2243  -0.142875
2244  -0.331402
2245  0.50095
2246  -0.0617039
2247  -0.709394
2248  -0.13715
2249  -0.254634
2250  -1.06827
2251  -0.0741055
2252  0.264563
2253  -1.07258
2254  -0.528923
2255  -0.0993137
2256  -0.0138095
2257  -0.771808
2258  -0.234196
2259  -0.605322
2260  -0.774757
2261  -0.134783
2262  -0.639011
2263  -0.218895
2264  0.131679
2265  -0.181526
2266  0.227582
2267  0.342239
2268  0.938776
2269  -0.545603
2270  0.288868
2271  0.407735
2272  0.885907
2273  -0.132894
2274  -0.145645
2275  -0.165824
2276  0.423999
2277  -0.367824
2278  -0.928556
2279  0.0703428
2280  0.740409
2281  0.70926
2282  -0.817155
2283  -0.232804
2284  -0.084709
2285  -0.422913
2286  0.0577772
2287  0.209944
2288  -0.175997
2289  -0.0310709
2290  -0.137464
2291  0.742017
2292  1.02865
2293  0.600213
2294  -0.639024
2295  -0.128473
2296  0.149795
2297  -0.864022
2298  -0.42897
2299  -0.909546
2300  0.322467
2301  0.665982
2302  -0.22011
2303  -0.0704402
2304  -0.303286
2305  -0.158865
2306  -0.209145
2307  -0.313843
2308  0.149999
2309  0.302616
2310  -0.116948
2311  -0.320102
2312  0.653763
2313  0.927511
2314  0.193649
2315  -0.445763
2316  -0.921894
2317  -0.701707
2318  -0.468228
2319  0.759113
2320  0.661672
2321  0.518656
2322  0.161669
2323  0.763912
2324  -0.205846
2325  0.675068
2326  -0.552972
2327  0.538133
2328  0.600369
2329  0.527535
2330  0.416559
2331  0.380718
2332  -0.0704236
2333  0.311857
2334  -0.015983
2335  1.11502
2336  0.565774
2337  0.418282
2338  -0.354318
2339  -0.293435
2340  0.592833
2341  0.0629385
2342  0.984263
2343  -0.701581
2344  0.434926
2345  0.233508
2346  -0.48251
2347  0.499981
2348  -0.662006
2349  -0.0611921
2350  0.124855
2351  0.286251
2352  0.0531249
2353  0.355503
2354  0.411287
2355  -0.202254
2356  0.888385
2357  -0.863783
2358  0.607501
2359  -0.195973
2360  -0.507312
2361  -0.0869911
2362  -0.131228
2363  0.438322
2364  0.39223
2365  -0.431935
2366  0.317448
2367  0.544391
2368  -0.0494068
2369  -1.28342
2370  -0.127931
2371  0.872083
2372  1.20294
2373  0.0449519
2374  0.681643
2375  0.382627
2376  -0.18223
2377  -0.187075
2378  0.258007
2379  -0.622927
2380  0.0982085
2381  -0.471241
2382  0.340127
2383  0.405144
2384  -0.12475
2385  0.680531
2386  0.395757
2387  -0.928372
2388  1.40012
2389  -0.121289
2390  0.271944
2391  0.158338
2392  0.233092
2393  0.447898
2394  -0.149251
2395  1.16369
2396  -0.0879904
2397  0.286964
2398  0.681992
2399  0.0649868
2400  0.934457
2401  -0.326114
2402  -0.136798
2403  0.187055
2404  0.547775
2405  0.780033
2406  0.779572
2407  -0.128632
2408  0.297691
2409  0.362545
2410  0.677932
2411  0.574727
2412  -0.113487
2413  -0.0479728
2414  0.800679
2415  -0.126157
2416  -0.30006
2417  0.214439
2418  -0.146968
2419  -0.185051
2420  -0.0607985
2421  -0.0945341
2422  0.916629
2423  -0.446691
2424  0.0243871
2425  0.0662547
2426  1.00285
2427  0.194467
2428  -1.15329
2429  -0.579291
2430  -0.365635
2431  1.25392
2432  -0.0664903
2433  -0.411345
2434  0.158346
2435  0.702279
2436  0.432708
2437  0.265454
2438  0.30424
2439  0.437159
2440  1.18948
2441  -0.0325589
2442  0.266181
2443  1.30396
2444  -0.167968
2445  0.92913
2446  -0.490244
2447  -0.234412
2448  0.77446
2449  -0.349247
2450  -0.421314
2451  0.371579
2452  0.4415
2453  0.182507
2454  0.046248
2455  -0.127772
2456  0.569654
2457  0.292349
2458  0.274845
2459  -0.180631
2460  0.147556
2461  -0.245894
2462  -0.0896953
2463  -0.0845693
2464  0.349344
2465  0.8734
2466  -0.331414
2467  0.507552
2468  1.10251
2469  0.517629
2470  0.420605
2471  0.303019
2472  -0.304714
2473  -0.0906199
2474  -0.00711894
2475  -0.640093
2476  -0.235646
2477  -0.586786
2478  -0.457165
2479  -0.944357
2480  0.022069
2481  -0.324278
2482  0.171364
2483  -0.866783
2484  0.302095
2485  0.228275
2486  0.00464048
2487  -0.245782
2488  -0.821404
2489  0.380051
2490  -0.120153
2491  -0.310575
2492  -0.216171
2493  -0.144075
2494  -0.703
2495  -0.156687
2496  -0.340625
2497  -0.111542
2498  0.0381248
2499  -0.533446
2500  -0.886258
2501  0.431152
2502  0.931902
2503  1.41069
2504  1.33263
2505  -0.201871
2506  -0.600357
2507  -0.246217
2508  0.626276
2509  0.107482
2510  0.349039
2511  -0.116834
2512  0.321077
2513  0.200293
2514  0.0685167
2515  0.466732
2516  0.476984
2517  0.709995
2518  -0.469015
2519  -0.453756
2520  -1.09735
2521  -0.294856
2522  -0.0931615
2523  0.132769
2524  1.08126
2525  0.06301
2526  -0.250099
2527  0.53833
2528  0.00543844
2529  0.875108
2530  -0.251362
2531  0.524222
2532  0.588514
2533  0.00329537
2534  0.0673396
2535  -0.0658501
2536  -0.768891
2537  0.0506712
2538  0.150777
2539  0.053099
2540  0.253954
2541  -0.406947
2542  -0.053794
2543  1.22935
2544  1.56013
2545  -0.488558
2546  -0.224357
2547  0.186107
2548  -0.574439
2549  0.344579
2550  -0.0331931
2551  1.50765
2552  0.548908
2553  -0.902915
2554  0.375696
2555  -0.183551
2556  0.448234
2557  0.385156
2558  -0.197469
2559  0.126683
