0  -0.00177493
1  0.15065
2  0.0542755
3  -0.183302
4  -0.013865
5  -0.0736546
6  0.0409516
7  0.00956592
8  0.00895373
9  -0.0783387
10  -0.0213899
11  0.0465933
12  -0.0933383
13  -0.0117416
14  0.0613333
15  -0.0227962
16  0.0595291
17  0.0858477
18  0.102616
19  -0.0734317
20  -0.10186
21  0.0519701
22  -0.104351
23  0.125902
24  0.0405725
25  -0.0384723
26  -0.0347069
27  0.0501045
28  0.136607
29  -0.0908659
30  -0.195385
31  0.160901
32  -0.169788
33  0.0436403
34  -0.157675
35  -0.0903493
36  0.029383
37  -0.283719
38  -0.0827556
39  0.248129
40  0.130454
41  0.120581
42  -0.0468788
43  0.136154
44  0.0749253
45  0.0381864
46  0.045017
47  0.0629677
48  0.135454
49  -0.0165485
50  0.0685461
51  -0.0343621
52  -0.0943582
53  -0.00194334
54  -0.042873
55  -0.126199
56  0.129732
57  0.103245
58  -0.0578229
59  0.179021
60  0.0671795
61  0.0575829
62  -0.0721404
63  -0.256179
64  0.0527479
65  0.075543
66  -0.0258807
67  0.0355164
68  0.03595
69  -0.0579693
70  0.0874765
71  0.0584501
72  0.00240894
73  0.127423
74  0.132474
75  0.154194
76  -0.00578052
77  0.0955094
78  -0.172473
79  0.16593
80  -0.0311907
81  0.0158272
82  0.069599
83  -0.00639465
84  0.0499413
85  0.271062
86  0.0689092
87  0.114857
88  -0.081373
89  0.172835
90  -0.0211
91  -0.0888867
92  -0.0448484
93  -0.0888682
94  -0.0918881
95  0.172631
96  -0.0648024
97  0.0893438
98  -0.114047
99  -0.154295
100  -0.152203
101  -0.0308233
102  0.0465821
103  -0.0332368
104  -0.205425
105  -0.0525683
106  -0.106911
107  0.0068434
108  0.0422441
109  0.0975982
110  -0.0480554
111  -0.348547
112  -0.255851
113  0.0760274
114  0.00980937
115  0.170002
116  0.115015
117  -0.165087
118  -0.144725
119  -0.0266963
120  0.0529848
121  -0.0136281
122  -0.046964
123  0.0692332
124  0.0599288
125  -0.0744803
126  0.203858
127  0.0142624
128  0.0770434
129  -0.121911
130  0.146737
131  0.00119395
132  -0.0841786
133  0.163985
134  -0.0115008
135  -0.0613191
136  0.133725
137  -0.117987
138  0.0200175
139  0.16029
140  0.140483
141  -0.0189242
142  0.0927603
143  -0.029775
144  -0.0998555
145  -0.137796
146  0.100507
147  0.0100524
148  -0.107219
149  0.0294006
150  0.0968742
151  -0.0228113
152  0.00958693
153  0.0764779
154  0.0144938
155  -0.137945
156  0.0862836
157  0.037044
158  0.00405543
159  -0.0737413
160  0.255607
161  0.0598466
162  -0.0490308
163  -0.210936
164  0.0239523
165  0.151197
166  0.127492
167  0.0915044
168  -0.0565913
169  0.0152757
170  -0.109979
171  0.0327643
172  -0.0179381
173  0.102835
174  -0.185061
175  0.0233509
176  0.092571
177  -0.234775
178  -0.136271
179  0.0628239
180  -0.103334
181  -0.0245709
182  0.045744
183  -0.0907939
184  -0.0857483
185  -0.0600711
186  0.107819
187  -0.199724
188  -0.0819087
189  -0.0472721
190  0.0269939
191  0.1062
192  -0.238088
193  -0.080474
194  -0.235047
195  0.00560017
196  -0.116744
197  -0.0144421
198  -0.14443
199  0.0446129
200  0.0302617
201  -0.101263
202  0.0849546
203  -0.31373
204  -0.0646837
205  -0.0914662
206  -0.0408529
207  -0.0700134
208  -0.110723
209  -0.151698
210  -0.00104676
211  -0.0074098
212  -0.0534336
213  -0.125751
214  -0.138529
215  -0.14986
216  -0.301814
217  -0.161581
218  0.00558901
219  -0.119925
220  -0.111292
221  0.109012
222  0.0361538
223  0.249785
224  0.0871687
225  0.188716
226  0.0268928
227  -0.104378
228  -0.133047
229  -0.227905
230  -0.00322685
231  0.168285
232  0.0944277
233  -0.0101232
234  0.0208504
235  0.0221981
236  -0.195829
237  -0.0640488
238  0.0365287
239  -0.136258
240  -0.151932
241  0.0598005
242  0.0745472
243  0.0959333
244  -0.0035698
245  -0.185364
246  -0.0367806
247  -0.0249376
248  -0.0823868
249  -0.0483998
250  -0.0885231
251  0.0197833
252  0.013662
253  0.242794
254  0.0666851
255  -0.124292
256  -0.151112
257  0.0917613
258  -0.0777953
259  0.0133783
260  -0.181873
261  0.0663572
262  0.00737356
263  0.120376
264  0.0174412
265  0.026109
266  0.134378
267  0.0524332
268  -0.330434
269  -0.039616
270  0.13229
271  -0.0335043
272  -0.0994664
273  -0.0311961
274  0.102261
275  0.0892616
276  -0.153577
277  0.0856
278  -0.0456282
279  -0.28781
280  -0.106729
281  0.0108262
282  0.0670738
283  0.0132069
284  0.0731406
285  -0.0885881
286  0.141023
287  0.118507
288  -0.0697652
289  -0.00590589
290  0.108651
291  -0.113652
292  -0.0600949
293  -0.108776
294  0.0331298
295  0.14395
296  0.120219
297  0.285975
298  0.151853
299  -0.0312068
300  -0.0408053
301  0.0995286
302  -0.153943
303  0.242319
304  0.194725
305  -0.0405594
306  -0.103059
307  -0.138161
308  0.00880855
309  -0.0514568
310  -0.195695
311  -0.00718453
312  0.0967106
313  -0.00333465
314  0.0146964
315  0.263714
316  -0.00918108
317  0.0225596
318  -0.00568258
319  0.0251188
320  0.108133
321  0.173629
322  -0.0542617
323  0.17562
324  -0.133546
325  0.158526
326  0.0554953
327  -0.0167295
328  -0.0672676
329  0.086102
330  0.00395797
331  0.0976657
332  -0.0352657
333  -0.0870823
334  0.213434
335  0.016679
336  -0.0275793
337  0.0328838
338  0.154328
339  0.115622
340  -0.0621611
341  -0.316969
342  -0.0224152
343  -0.23368
344  0.150138
345  0.00463197
346  0.127962
347  0.0404789
348  0.075267
349  0.0664777
350  0.0733658
351  -0.192223
352  -0.0548741
353  0.0694727
354  0.252455
355  -0.0227254
356  -0.0175845
357  -0.0728656
358  -0.139109
359  -0.14183
360  -0.154197
361  -0.157682
362  -0.0242863
363  0.270628
364  0.00933281
365  0.0227963
366  -0.0307819
367  0.150425
368  0.0193081
369  0.0817333
370  -0.053996
371  -0.0807918
372  0.0220281
373  -0.0376777
374  -0.0246304
375  0.0841931
376  0.0100078
377  0.0134818
378  0.161356
379  -0.0550823
380  0.18333
381  0.0348594
382  -0.118142
383  0.0206057
384  0.216802
385  0.0685073
386  -0.103754
387  0.107852
388  0.120268
389  0.154404
390  0.215389
391  -0.100988
392  0.15969
393  -0.0480302
394  0.00851129
395  -0.205692
396  0.0698559
397  0.0251791
398  -0.0229641
399  0.152191
400  0.0237044
401  0.152571
402  0.0631588
403  0.0159189
404  -0.00139947
405  0.0113732
406  -0.127796
407  -0.143831
408  -0.0517943
409  -0.0181503
410  0.153026
411  -0.0921991
412  -0.175658
413  -0.0980905
414  0.0531058
415  -0.0620607
416  -0.0648856
417  0.0524713
418  -0.00118639
419  0.0662535
420  -0.0423506
421  -0.168693
422  0.0715954
423  -0.113853
424  0.0658731
425  -0.334328
426  -0.127981
427  -0.0760414
428  0.0331452
429  -0.0818354
430  -0.137224
431  0.0628379
432  -0.104655
433  -0.0937512
434  -0.209972
435  -0.224635
436  -0.0689401
437  -0.0109752
438  -0.101821
439  0.0431413
440  -0.145029
441  -0.167514
442  0.021858
443  -0.287178
444  -0.222531
445  -0.0639911
446  -0.0450481
447  -0.127758
448  -0.150073
449  -0.02673
450  0.183206
451  0.0757064
452  -0.0580378
453  -0.22422
454  -0.201289
455  0.0566668
456  -0.169151
457  0.128574
458  -0.079421
459  -0.156852
460  -0.219018
461  -0.167411
462  -0.0510075
463  -0.0590076
464  -0.144854
465  -0.127615
466  -0.220743
467  -0.0621986
468  -0.152226
469  -0.0991386
470  -0.0775987
471  -0.148397
472  -0.0398129
473  0.0322894
474  -0.0721527
475  -0.242139
476  -0.0758734
477  -0.161083
478  -0.111821
479  -0.0791232
480  -0.270564
481  -0.199638
482  -0.447596
483  -0.427441
484  -0.601896
485  -0.631793
486  -0.580612
487  -1.02406
488  -1.09614
489  -0.992971
490  -1.17922
491  -1.70338
492  -2.26924
493  -3.75776
494  -7.17648
495  -16.2431
496  -38.3675
497  -88.5299
498  -187.644
499  -352.586
500  -591.672
501  -881.983
502  -1181.08
503  -1452.37
504  -1666.99
505  -1813.97
506  -1895.51
507  -1922.97
508  -1909.69
509  -1869.71
510  -1812.41
511  -1743.38
512  -1662.03
513  -1567.94
514  -1460.45
515  -1342.28
516  -1219.05
517  -1097.41
518  -983.513
519  -879.834
520  -786.701
521  -702.791
522  -627.825
523  -560.626
524  -500.493
525  -446.81
526  -398.703
527  -355.46
528  -316.95
529  -283.125
530  -253.483
531  -227.744
532  -205.735
533  -187.33
534  -171.809
535  -158.714
536  -147.734
537  -137.981
538  -128.192
539  -119.756
540  -112.499
541  -106.672
542  -102.262
543  -97.4266
544  -92.8091
545  -87.7172
546  -82.957
547  -78.7591
548  -75.3988
549  -72.7674
550  -70.9364
551  -68.969
552  -67.4408
553  -65.781
554  -63.9724
555  -62.1347
556  -60.0292
557  -57.6773
558  -55.3991
559  -53.2839
560  -51.1889
561  -49.0528
562  -47.5306
563  -46.1614
564  -45.2448
565  -44.6562
566  -44.6767
567  -44.187
568  -43.8239
569  -43.2247
570  -42.2145
571  -41.2804
572  -40.6202
573  -39.5045
574  -38.8811
575  -38.2434
576  -37.9125
577  -37.2817
578  -36.746
579  -36.2368
580  -35.7112
581  -34.9659
582  -34.4518
583  -33.5731
584  -32.8536
585  -32.4669
586  -32.1346
587  -32.0239
588  -31.8096
589  -31.5535
590  -31.2067
591  -31.0173
592  -31.1055
593  -31.3684
594  -32.2813
595  -33.8092
596  -35.1659
597  -36.4836
598  -37.1403
599  -36.7119
600  -35.8914
601  -34.5126
602  -32.7271
603  -30.9162
604  -29.0347
605  -27.0159
606  -25.2378
607  -23.0594
608  -20.7642
609  -18.7538
610  -16.1427
611  -13.9791
612  -12.357
613  -10.6429
614  -10.1324
615  -9.51056
616  -9.61624
617  -9.69698
618  -9.6838
619  -10.1411
620  -10.323
621  -10.3362
622  -10.2213
623  -9.66257
624  -9.14037
625  -8.77328
626  -8.39446
627  -7.97561
628  -7.64677
629  -7.35966
630  -7.44465
631  -7.57615
632  -7.64741
633  -7.74215
634  -8.02195
635  -8.39993
636  -8.46898
637  -8.45202
638  -8.19121
639  -7.61546
640  -6.83947
641  -6.25208
642  -5.48988
643  -4.60617
644  -4.25012
645  -4.04398
646  -3.82655
647  -4.20587
648  -4.61361
649  -5.39755
650  -6.23456
651  -6.91879
652  -7.76739
653  -8.36888
654  -8.76709
655  -8.78456
656  -9.13704
657  -9.26118
658  -8.97755
659  -8.96265
660  -8.77236
661  -8.92662
662  -8.59279
663  -8.85562
664  -8.62824
665  -8.84816
666  -9.15877
667  -8.94733
668  -9.02205
669  -8.82785
670  -8.61801
671  -7.85008
672  -7.16762
673  -6.55319
674  -6.11624
675  -5.7278
676  -5.06766
677  -4.8276
678  -4.61115
679  -4.65513
680  -4.59338
681  -4.91
682  -5.23449
683  -5.1965
684  -5.51438
685  -5.99373
686  -6.13348
687  -6.42483
688  -6.89761
689  -7.24561
690  -7.8249
691  -8.67958
692  -10.2698
693  -12.2132
694  -14.4349
695  -17.1545
696  -20.3675
697  -23.2041
698  -25.8258
699  -28.1399
700  -29.8319
701  -31.3562
702  -32.6548
703  -33.583
704  -34.3372
705  -34.8756
706  -35.2532
707  -35.1896
708  -35.1434
709  -34.6251
710  -34.2405
711  -34.0529
712  -34.161
713  -34.8064
714  -35.949
715  -37.0944
716  -38.3489
717  -39.3297
718  -39.3781
719  -38.1769
720  -35.6401
721  -32.605
722  -28.5354
723  -24.5814
724  -20.7363
725  -16.8731
726  -13.128
727  -10.1563
728  -7.0267
729  -4.12156
730  -1.31207
731  1.37172
732  3.69813
733  5.55918
734  6.82339
735  8.21334
736  8.99485
737  9.29651
738  9.70996
739  9.76833
740  10.0456
741  10.3591
742  10.0243
743  10.0315
744  10.0185
745  9.36328
746  9.12249
747  8.61814
748  8.30691
749  7.94812
750  7.47384
751  7.39129
752  7.342
753  7.21683
754  6.97985
755  6.93053
756  6.82233
757  6.55384
758  6.383
759  5.95827
760  5.65616
761  5.33526
762  5.19075
763  4.96982
764  4.62536
765  4.32148
766  4.37147
767  4.09979
768  3.934
769  3.91636
770  3.79623
771  3.81374
772  3.82447
773  3.71062
774  3.49672
775  3.38859
776  3.27962
777  3.14591
778  2.85867
779  2.56426
780  2.56278
781  2.48503
782  2.05852
783  2.32412
784  2.51304
785  2.28509
786  2.18984
787  2.39832
788  2.31967
789  2.37061
790  2.13616
791  2.14281
792  2.22357
793  1.81724
794  1.78295
795  1.38822
796  1.63024
797  1.50373
798  1.64734
799  1.46688
800  1.42082
801  1.48672
802  1.48371
803  1.52111
804  1.41337
805  1.62354
806  1.71369
807  1.79078
808  1.43263
809  1.36905
810  1.46318
811  1.1442
812  1.25473
813  1.08429
814  0.901551
815  1.3738
816  1.63643
817  1.47909
818  1.70669
819  1.61404
820  1.82731
821  1.89546
822  2.16613
823  2.03483
824  2.2088
825  2.02652
826  2.09641
827  1.99763
828  2.10605
829  1.96512
830  1.99158
831  2.08274
832  1.96589
833  1.98278
834  1.73441
835  1.77398
836  1.68803
837  1.6468
838  1.81432
839  1.5627
840  1.51113
841  1.35643
842  1.30405
843  1.3446
844  1.11606
845  0.821692
846  1.1361
847  1.07211
848  0.932242
849  0.870001
850  1.17569
851  1.16779
852  0.950297
853  1.0561
854  0.868252
855  1.14845
856  0.943493
857  0.950288
858  1.05932
859  0.783317
860  0.630113
861  0.723961
862  0.808002
863  0.709063
864  0.771294
865  0.465581
866  0.674717
867  0.832344
868  0.728431
869  0.617888
870  0.742664
871  0.432423
872  0.558129
873  0.579381
874  0.515274
875  0.394904
876  0.505401
877  0.229477
878  0.398139
879  0.422148
880  0.615761
881  0.511633
882  0.259463
883  0.497638
884  0.311057
885  0.52496
886  0.364128
887  0.370922
888  0.487239
889  0.393171
890  0.169618
891  0.0865955
892  0.0440795
893  -0.135666
894  -0.0838918
895  -0.204568
896  -0.153191
897  -0.370615
898  -0.406192
899  -0.555379
900  -0.624658
901  -0.39962
902  -0.60802
903  -0.645799
904  -0.557861
905  -0.727591
906  -0.859383
907  -0.924413
908  -0.907281
909  -1.09045
910  -1.00194
911  -0.798274
912  -0.948714
913  -0.726607
914  -0.799316
915  -0.782728
916  -0.733185
917  -0.569891
918  -0.703062
919  -0.608833
920  -0.624826
921  -0.580585
922  -0.387291
923  -0.432538
924  -0.34412
925  -0.28401
926  -0.110164
927  -0.0125911
928  0.0150415
929  0.272563
930  0.272396
931  0.104526
932  0.201114
933  0.577607
934  0.192569
935  0.436141
936  0.340004
937  0.345788
938  0.550911
939  0.74581
940  0.64408
941  0.460053
942  0.65834
943  0.742792
944  0.582159
945  0.678452
946  0.721838
947  0.780472
948  0.761636
949  0.568286
950  0.563318
951  0.610357
952  0.519456
953  0.495336
954  0.448315
955  0.35566
956  0.172977
957  0.190857
958  0.342578
959  0.253893
960  0.183613
961  0.138897
962  0.0544707
963  0.0622391
964  0.125516
965  0.155432
966  0.271617
967  0.227571
968  0.00260756
969  0.218674
970  0.16614
971  -0.0415345
972  -0.113529
973  0.093837
974  0.126392
975  -0.0866412
976  0.201634
977  0.0483529
978  0.0264925
979  -0.116423
980  -0.0477909
981  -0.184894
982  -0.0906149
983  -0.106014
984  -0.366908
985  -0.369559
986  -0.114776
987  -0.0948944
988  -0.339123
989  -0.210879
990  -0.329396
991  -0.273884
992  -0.193983
993  -0.229443
994  -0.142197
995  -0.328556
996  -0.033967
997  -0.0648976
998  -0.403112
999  -0.67749
1000  -0.347015
1001  -0.197369
1002  -0.15953
1003  -0.371298
1004  -0.319909
1005  -0.465917
1006  -0.507475
1007  -0.450579
1008  -0.239726
1009  -0.246232
1010  -0.420847
1011  -0.29771
1012  -0.411753
1013  -0.369743
1014  -0.478063
1015  -0.360697
1016  -0.325236
1017  -0.376747
1018  -0.253515
1019  -0.262945
1020  -0.310098
1021  -0.39234
1022  -0.292116
1023  -0.208991
1024  -0.120053
1025  -0.26636
1026  -0.293364
1027  -0.112221
1028  -0.0750769
1029  0.0474906
1030  0.0340554
1031  0.0454697
1032  0.10764
1033  -0.183627
1034  -0.237227
1035  -0.232566
1036  -0.244888
1037  -0.203077
1038  -0.306084
1039  -0.0927334
1040  0.0357768
1041  0.00177367
1042  -0.194937
1043  -0.189673
1044  -0.0688089
1045  -0.212468
1046  -0.275585
1047  -0.156505
1048  -0.0893311
1049  -0.0877963
1050  -0.165751
1051  -0.245137
1052  -0.312475
1053  -0.191998
1054  -0.29911
1055  -0.276918
1056  -0.319241
1057  -0.348821
1058  -0.360365
1059  -0.39585
1060  -0.417568
1061  -0.481772
1062  -0.441148
1063  -0.341986
1064  -0.348074
1065  -0.506343
1066  -0.104657
1067  -0.335303
1068  -0.396349
1069  -0.348177
1070  -0.310508
1071  -0.31499
1072  -0.219161
1073  -0.255591
1074  -0.352147
1075  -0.403724
1076  -0.337971
1077  -0.234233
1078  -0.0376457
1079  -0.270475
1080  -0.230331
1081  -0.352375
1082  -0.454641
1083  -0.444789
1084  -0.3825
1085  -0.424699
1086  -0.499013
1087  -0.566348
1088  -0.473054
1089  -0.350543
1090  -0.591427
1091  -0.505415
1092  -0.448047
1093  -0.394701
1094  -0.313399
1095  -0.22186
1096  -0.224508
1097  -0.581117
1098  -0.364253
1099  -0.320939
1100  -0.493538
1101  -0.319759
1102  -0.358048
1103  -0.426372
1104  -0.312295
1105  -0.35843
1106  -0.262638
1107  -0.329035
1108  -0.482051
1109  -0.499829
1110  -0.370499
1111  -0.208436
1112  -0.435075
1113  -0.495893
1114  -0.363265
1115  -0.437809
1116  -0.346266
1117  -0.451651
1118  -0.5338
1119  -0.302126
1120  -0.406329
1121  -0.343811
1122  -0.563556
1123  -0.386889
1124  -0.346476
1125  -0.403779
1126  -0.404539
1127  -0.521602
1128  -0.472888
1129  -0.454131
1130  -0.545693
1131  -0.806193
1132  -0.514821
1133  -0.493648
1134  -0.543473
1135  -0.303247
1136  -0.351784
1137  -0.504554
1138  -0.442344
1139  -0.311765
1140  -0.504205
1141  -0.454836
1142  -0.442944
1143  -0.409017
1144  -0.444736
1145  -0.292565
1146  -0.308255
1147  -0.314073
1148  -0.505377
1149  -0.235748
1150  -0.440575
1151  -0.34524
1152  -0.176486
1153  -0.407681
1154  -0.392335
1155  -0.424685
1156  -0.340211
1157  -0.458497
1158  -0.602732
1159  -0.377764
1160  -0.33142
1161  -0.381154
1162  -0.391455
1163  -0.182539
1164  -0.374968
1165  -0.407381
1166  -0.411839
1167  -0.433789
1168  -0.37821
1169  -0.317407
1170  -0.491428
1171  -0.626398
1172  -0.420928
1173  -0.21822
1174  -0.630286
1175  -0.236816
1176  -0.26693
1177  -0.387643
1178  -0.346245
1179  -0.348149
1180  -0.367103
1181  -0.479182
1182  -0.298081
1183  -0.078614
1184  -0.390617
1185  -0.495864
1186  -0.55955
1187  -0.473225
1188  -0.398681
1189  -0.231819
1190  -0.307849
1191  -0.58554
1192  -0.671017
1193  -0.447748
1194  -0.364072
1195  -0.440386
1196  -0.529811
1197  -0.697736
1198  -0.591484
1199  -0.717254
1200  -0.501285
1201  -0.461277
1202  -0.569186
1203  -0.562
1204  -0.670994
1205  -0.72638
1206  -0.550272
1207  -0.43252
1208  -0.513056
1209  -0.555963
1210  -0.663563
1211  -0.421219
1212  -0.635594
1213  -0.60064
1214  -0.691776
1215  -0.704403
1216  -0.673613
1217  -0.578134
1218  -0.576171
1219  -0.384296
1220  -0.571341
1221  -0.676401
1222  -0.509053
1223  -0.585345
1224  -0.500749
1225  -0.523972
1226  -0.60013
1227  -0.644894
1228  -0.616658
1229  -0.322247
1230  -0.595416
1231  -0.807101
1232  -0.674675
1233  -0.612655
1234  -0.791198
1235  -0.783088
1236  -0.628331
1237  -0.890213
1238  -0.925233
1239  -0.867089
1240  -0.90716
1241  -0.878932
1242  -0.987251
1243  -0.786541
1244  -0.945051
1245  -0.58572
1246  -0.649951
1247  -0.81405
1248  -0.699339
1249  -0.786931
1250  -0.714573
1251  -0.931313
1252  -0.976242
1253  -0.839453
1254  -0.965413
1255  -0.958807
1256  -1.11291
1257  -0.94128
1258  -0.939446
1259  -0.98748
1260  -1.05972
1261  -1.09668
1262  -1.08094
1263  -1.05878
1264  -1.04102
1265  -1.3172
1266  -1.09897
1267  -1.13496
1268  -1.15901
1269  -1.37364
1270  -1.24518
1271  -1.19883
1272  -1.26567
1273  -1.41841
1274  -1.35571
1275  -1.5331
1276  -1.28155
1277  -1.33939
1278  -1.32808
1279  -1.23358
1280  -1.25802
1281  -1.27549
1282  -1.2794
1283  -1.26577
1284  -1.24851
1285  -1.17437
1286  -1.15068
1287  -1.00983
1288  -0.852753
1289  -1.05611
1290  -0.983307
1291  -1.15142
1292  -1.07827
1293  -0.989225
1294  -1.26837
1295  -1.03341
1296  -0.946127
1297  -1.09744
1298  -1.09837
1299  -1.17639
1300  -1.06004
1301  -0.949975
1302  -0.917791
1303  -0.892665
1304  -0.776993
1305  -0.847241
1306  -0.947672
1307  -0.843821
1308  -0.90582
1309  -0.943292
1310  -1.04716
1311  -0.872585
1312  -1.00701
1313  -1.1213
1314  -1.1209
1315  -1.02981
1316  -0.902102
1317  -1.12893
1318  -0.920077
1319  -1.04534
1320  -1.09785
1321  -1.04757
1322  -1.03983
1323  -1.11762
1324  -1.19123
1325  -1.04306
1326  -0.911882
1327  -1.01575
1328  -0.961753
1329  -1.06001
1330  -0.9343
1331  -1.08826
1332  -0.998766
1333  -1.12263
1334  -1.05811
1335  -1.08625
1336  -1.24902
1337  -1.14788
1338  -1.19336
1339  -1.22187
1340  -1.23343
1341  -1.15613
1342  -1.08655
1343  -1.00728
1344  -1.1706
1345  -1.05431
1346  -1.01982
1347  -1.13927
1348  -1.2801
1349  -1.37969
1350  -1.14312
1351  -1.101
1352  -1.36599
1353  -1.29331
1354  -1.2343
1355  -1.21508
1356  -1.4518
1357  -1.20918
1358  -1.28994
1359  -1.38347
1360  -1.36933
1361  -1.11072
1362  -1.28114
1363  -1.40962
1364  -1.37758
1365  -1.24708
1366  -1.5201
1367  -1.51807
1368  -1.70819
1369  -1.50243
1370  -1.71867
1371  -1.78993
1372  -1.59935
1373  -1.92892
1374  -1.71034
1375  -1.87228
1376  -1.74175
1377  -1.75529
1378  -1.9625
1379  -1.95291
1380  -2.04224
1381  -1.76869
1382  -1.85919
1383  -1.86666
1384  -1.68313
1385  -1.72913
1386  -1.73156
1387  -1.62673
1388  -1.7106
1389  -1.4756
1390  -1.62076
1391  -1.33353
1392  -1.28432
1393  -1.52901
1394  -1.28731
1395  -1.34699
1396  -1.12122
1397  -1.1166
1398  -1.3024
1399  -1.18735
