1  -0.0471706
2  -0.161862
3  0.145181
4  0.064631
5  0.133083
6  -0.248693
7  0.123947
8  0.145704
9  0.081302
10  -0.109517
11  -0.115526
12  -0.226185
13  -0.0126426
14  0.0403247
15  -0.153202
16  0.124356
17  -0.0340979
18  -0.0228896
19  -0.105387
20  0.101051
21  -0.0724005
22  -0.0202208
23  0.153435
24  0.23065
25  -0.0919997
26  -0.164678
27  -0.267071
28  -0.149764
29  0.0113449
30  0.0148553
31  0.0334925
32  -0.0690649
33  0.0178568
34  -0.3129
35  0.00243845
36  -0.221792
37  0.198275
38  -0.00927723
39  -0.0439676
40  -0.127723
41  0.0933789
42  0.0748557
43  0.109873
44  0.0389916
45  -0.126776
46  0.075118
47  0.0945348
48  -0.123917
49  -0.311257
50  0.180774
51  0.0939222
52  0.163799
53  0.240779
54  -0.053163
55  -0.155969
56  0.0477824
57  0.154692
58  -0.478275
59  -0.28153
60  -0.0366162
61  0.252307
62  -0.177046
63  -0.0943289
64  0.0984394
65  0.0232728
66  -0.00658547
67  0.127566
68  0.268645
69  -0.277252
70  -0.325166
71  0.185713
72  0.0443649
73  0.131242
74  0.294808
75  0.0329023
76  -0.0239899
77  -0.0215502
78  0.0958372
79  0.319403
80  0.115935
81  -0.368676
82  0.249263
83  0.134942
84  -0.0288173
85  0.155081
86  0.0318239
87  -0.00214246
88  0.2536
89  0.170769
90  0.0877813
91  -0.141127
92  -0.178953
93  -0.0690718
94  -0.273724
95  0.0717049
96  -0.163372
97  -0.277735
98  -0.112695
99  0.0768426
100  -0.0371901
101  0.0874057
102  0.1067
103  0.282214
104  -0.0491147
105  -0.0550994
106  -0.280589
107  -0.0331871
108  -0.21677
109  -0.352247
110  -0.0814352
111  0.279309
112  0.0323279
113  0.0391143
114  -0.0320308
115  -0.163304
116  -0.19453
117  0.114097
118  0.119256
119  0.150216
120  -0.226989
121  0.0350777
122  0.154893
123  0.0120462
124  0.00110073
125  0.0360695
126  0.0590574
127  0.0269894
128  0.0932781
129  0.042688
130  0.180708
131  -0.195388
132  0.105032
133  0.051911
134  -0.0655447
135  0.197738
136  -0.10962
137  -0.16854
138  0.00935543
139  0.0504273
140  -0.030272
141  0.0151139
142  0.091695
143  -0.127119
144  -0.110999
145  -0.0756245
146  -0.109565
147  0.05279
148  0.17801
149  0.46239
150  0.119525
151  0.0692102
152  0.258516
153  0.147896
154  -0.119665
155  -0.241668
156  -0.0957242
157  0.0426607
158  0.107884
159  0.0920889
160  0.122351
161  0.204237
162  0.0541212
163  0.102795
164  0.12076
165  0.224022
166  0.0134227
167  -0.0472509
168  -0.0202487
169  0.0246958
170  0.0298556
171  0.175236
172  -0.357928
173  -0.224503
174  -0.121216
175  0.176556
176  -0.0599652
177  0.0628012
178  -0.17579
179  0.161579
180  0.0539628
181  -0.112514
182  0.0122014
183  0.319412
184  0.0301496
185  0.233734
186  -0.200131
187  -0.0584913
188  -0.15783
189  0.242206
190  -0.059198
191  -0.040405
192  -0.203406
193  0.00932942
194  -0.129668
195  0.0680732
196  -0.342508
197  -0.0230271
198  0.0107718
199  -0.02535
200  -0.0646715
201  -0.0967936
202  0.138633
203  0.30435
204  0.064308
205  -0.00845629
206  0.0650313
207  -0.228939
208  0.00188723
209  0.0915124
210  -0.0658955
211  0.177559
212  -0.0482793
213  -0.144264
214  -0.199698
215  -0.155718
216  -0.148145
217  0.101864
218  0.185694
219  0.0718393
220  -0.18557
221  -0.285062
222  -0.0559801
223  -0.0142475
224  -0.296008
225  -0.148411
226  0.0339163
227  -0.0193363
228  -0.0150729
229  -0.180984
230  0.126411
231  -0.0405759
232  0.11177
233  0.184999
234  0.0429647
235  -0.10111
236  0.0127606
237  0.423387
238  -0.27441
239  0.152655
240  0.106852
241  -0.132938
242  -0.63766
243  -0.500556
244  -0.71115
245  -0.675595
246  -0.915689
247  -1.322
248  -1.39591
249  -2.0654
250  -2.54678
251  -3.87904
252  -8.38342
253  -21.6283
254  -60.5318
255  -160.311
256  -362.575
257  -688.424
258  -1096.99
259  -1509.61
260  -1857.16
261  -2102.92
262  -2233.83
263  -2248.83
264  -2155.49
265  -1970.13
266  -1722.32
267  -1451.77
268  -1193.07
269  -966.771
270  -779.869
271  -635.574
272  -534.188
273  -470.862
274  -434.078
275  -412.242
276  -394.414
277  -374.955
278  -351.672
279  -323.46
280  -289.881
281  -253.421
282  -216.888
283  -184.023
284  -156.045
285  -134.184
286  -117.537
287  -105.418
288  -98.6439
289  -94.81
290  -92.4938
291  -90.6355
292  -88.1157
293  -85.3438
294  -82.1869
295  -79.2534
296  -75.3775
297  -71.2987
298  -66.9083
299  -63.0708
300  -60.0735
301  -57.6137
302  -55.3766
303  -52.7003
304  -50.8759
305  -49.0017
306  -47.33
307  -45.8262
308  -44.4743
309  -42.7297
310  -41.1601
311  -39.5228
312  -37.9283
313  -36.7542
314  -35.6719
315  -34.618
316  -33.0346
317  -31.9923
318  -31.025
319  -30.4345
320  -29.8324
321  -29.207
322  -28.6189
323  -27.7914
324  -27.2519
325  -26.7542
326  -25.8261
327  -25.53
328  -24.736
329  -23.9489
330  -23.0496
331  -22.3558
332  -22.1424
333  -22.0198
334  -21.704
335  -21.9631
336  -21.9087
337  -21.7981
338  -22.0968
339  -21.9218
340  -21.1013
341  -20.6934
342  -20.1168
343  -19.6244
344  -19.1891
345  -18.6671
346  -18.0764
347  -17.4568
348  -16.2673
349  -14.8602
350  -13.0267
351  -10.2926
352  -8.76169
353  -7.91842
354  -8.03957
355  -9.34621
356  -11.8305
357  -15.0052
358  -18.0634
359  -20.9549
360  -22.7228
361  -23.135
362  -22.4843
363  -20.557
364  -18.2255
365  -14.955
366  -11.8831
367  -9.60374
368  -7.68773
369  -6.70504
370  -6.315
371  -6.79744
372  -7.94227
373  -9.22209
374  -10.0404
375  -10.9009
376  -11.5884
377  -11.3594
378  -11.1971
379  -10.5494
380  -10.1442
381  -9.55127
382  -9.09292
383  -8.25018
384  -7.53775
385  -7.19043
386  -7.03759
387  -6.38069
388  -6.57388
389  -6.62166
390  -6.9021
391  -7.60039
392  -7.89953
393  -8.53981
394  -8.96104
395  -8.95367
396  -9.00028
397  -9.36566
398  -9.10894
399  -8.98091
400  -8.87648
401  -8.59238
402  -8.53062
403  -8.32392
404  -7.84591
405  -7.34088
406  -6.78917
407  -5.7981
408  -5.87932
409  -5.40461
410  -5.28647
411  -5.32231
412  -5.70834
413  -5.5609
414  -6.44943
415  -6.66992
416  -6.96635
417  -7.35207
418  -7.6739
419  -7.81677
420  -7.60321
421  -7.00147
422  -6.79433
423  -6.08344
424  -6.12423
425  -5.97778
426  -5.88402
427  -5.90927
428  -5.69613
429  -5.55387
430  -5.66237
431  -5.51781
432  -5.60921
433  -5.45362
434  -5.62223
435  -5.61074
436  -5.60153
437  -5.57917
438  -5.13393
439  -5.30198
440  -4.93201
441  -4.93321
442  -4.75991
443  -4.34954
444  -4.3023
445  -4.22584
446  -4.42487
447  -4.12696
448  -4.61883
449  -4.35676
450  -3.96822
451  -3.61683
452  -3.44183
453  -2.26074
454  -0.550431
455  2.22256
456  5.25117
457  8.8266
458  12.2269
459  14.0627
460  14.2489
461  12.5102
462  8.82571
463  4.18
464  -2.31991
465  -8.23473
466  -13.4504
467  -17.3666
468  -19.2144
469  -19.0668
470  -17.3545
471  -14.4549
472  -10.7336
473  -6.99282
474  -3.44208
475  -0.21813
476  2.04268
477  3.34265
478  3.19761
479  1.88938
480  -0.442112
481  -3.6933
482  -7.63343
483  -11.1199
484  -13.9675
485  -15.5287
486  -15.6819
487  -14.4572
488  -12.4012
489  -9.35156
490  -6.02476
491  -3.16749
492  -0.427332
493  1.08764
494  2.16469
495  2.27165
496  1.44306
497  0.9175
498  -0.353283
499  -1.39431
500  -2.31432
501  -3.07225
502  -3.06585
503  -3.11236
504  -2.81839
505  -1.97947
506  -1.90277
507  -0.94199
508  -0.364269
509  -0.644692
510  -0.890624
511  -0.465341
512  -0.639913
513  -0.75502
514  -0.878355
515  -1.24957
516  -1.28606
517  -1.49082
518  -1.74919
519  -1.77965
520  -1.79746
521  -1.61839
522  -1.37171
523  -1.45035
524  -1.08906
525  -0.98893
526  -1.36994
527  -1.41005
528  -1.48858
529  -1.38455
530  -1.37118
531  -1.75744
532  -1.91816
533  -1.83844
534  -1.59194
535  -1.69938
536  -1.41174
537  -1.77604
538  -1.89199
539  -1.73787
540  -1.86495
541  -1.95902
542  -2.33924
543  -2.52498
544  -2.90636
545  -3.16241
546  -3.16902
547  -3.10699
548  -2.88425
549  -3.24953
550  -2.87351
551  -3.58727
552  -2.91433
553  -2.54709
554  -2.68721
555  -2.19578
556  -1.82437
557  -2.16335
558  -2.02533
559  -1.85412
560  -1.97298
561  -1.76399
562  -1.579
563  -1.92517
564  -1.94056
565  -1.90878
566  -1.97838
567  -1.90477
568  -1.68544
569  -1.4079
570  -1.47339
571  -1.50304
572  -1.43601
573  -1.2827
574  -1.41066
575  -1.11354
576  -0.991605
577  -0.925884
578  -1.21042
579  -1.3843
580  -1.51661
581  -1.44105
582  -1.53674
583  -1.75291
584  -1.45778
585  -1.38342
586  -1.63921
587  -1.17107
588  -1.44994
589  -0.767792
590  -1.17396
591  -0.946422
592  -0.846177
593  -0.855586
594  -0.787719
595  -0.699296
596  -1.15614
597  -1.19516
598  -1.61051
599  -1.48334
600  -1.35217
601  -1.81184
602  -2.0536
603  -2.00619
604  -2.11366
605  -1.97105
606  -2.21038
607  -1.89014
608  -1.88423
609  -1.70455
610  -1.52415
611  -1.36764
612  -1.59185
613  -1.25189
614  -1.24178
615  -1.44854
616  -1.4088
617  -1.46306
618  -1.01228
619  -0.963341
620  -1.21788
621  -1.20996
622  -0.884893
623  -0.806988
624  -0.889655
625  -1.0276
626  -1.04357
627  -0.674258
628  -0.966531
629  -1.04845
630  -0.95132
631  -0.761608
632  -0.723031
633  -0.697103
634  -0.73844
635  -0.97118
636  -0.783517
637  -1.02677
638  -1.0495
639  -1.02413
640  -1.01198
641  -1.20537
642  -1.174
643  -0.874327
644  -1.15132
645  -1.12716
646  -1.43792
647  -1.3708
648  -1.29492
649  -1.40442
650  -1.57674
651  -1.34748
652  -1.0908
653  -0.726569
654  -0.637666
655  -0.932345
656  -1.01913
657  -1.17616
658  -1.09494
659  -1.05546
660  -1.08299
661  -0.862719
662  -0.839044
663  -0.558748
664  -0.627486
665  -0.297161
666  -0.472498
667  -0.497102
668  -0.410263
669  -0.610292
670  -0.963906
671  -0.864404
672  -0.893447
673  -1.26037
674  -0.889287
675  -1.06081
676  -1.1245
677  -1.03542
678  -0.945365
679  -0.720927
680  -0.908293
681  -0.36238
682  -0.305725
683  -0.314652
684  -0.357018
685  -0.438386
686  -0.444675
687  -0.865959
688  -0.627595
689  -1.1216
690  -1.09226
691  -1.00904
692  -1.26415
693  -0.831629
694  -0.920569
695  -0.87729
696  -0.849676
697  -0.531467
698  -0.599299
699  -0.545219
700  -0.744984
701  -0.415184
702  -0.604556
703  -0.815918
704  -0.923475
705  -0.638484
706  -0.529354
707  -0.715248
708  -0.630701
709  -0.773656
710  -1.12445
711  -0.861492
712  -1.04993
713  -0.895434
714  -0.446068
715  -0.538744
716  -0.56691
717  -0.663477
718  -0.427205
719  -0.655126
720  -0.858539
721  -0.688404
722  -0.565274
723  -0.696555
724  -0.633045
725  -0.542331
726  -0.525823
727  -0.455898
728  -0.696917
729  -0.767565
730  -0.583989
731  -0.461978
732  -0.623776
733  -0.717849
734  -0.371837
735  -0.594125
736  -0.490162
737  -0.542221
738  -0.719467
739  -0.548371
740  -0.628504
741  -0.849456
742  -0.728975
743  -1.07533
744  -1.00534
745  -0.896449
746  -0.753966
747  -0.649216
748  -0.57678
749  -0.737721
750  -0.719865
751  -0.62802
752  -0.506912
753  -0.513502
754  -0.734485
755  -0.660511
756  -0.724446
757  -0.425388
758  -0.467542
759  -0.819932
760  -0.935799
761  -0.582556
762  -0.364148
763  -0.338347
764  -0.614605
765  -0.692372
766  -0.197716
767  -0.475875
768  -0.93657
769  -0.543163
770  -0.318636
771  -0.244174
772  -0.469498
773  -0.935805
774  -0.597519
775  -0.561604
776  -0.588604
777  -0.692463
778  -0.467595
779  -0.590509
780  -0.888456
781  -0.483014
782  -0.746913
783  -0.684686
784  -0.580545
785  -0.537957
786  -0.598062
787  -0.763298
788  -0.499831
789  -0.513721
790  -0.396805
791  -0.379946
792  -0.692798
793  -0.644937
794  -0.637246
795  -0.731102
796  -0.615347
797  -0.743548
798  -0.558346
799  -0.736124
800  -0.758622
801  -0.311334
802  -0.633284
803  -0.969859
804  -0.671657
805  -0.524628
806  -0.67088
807  -0.572893
808  -0.896786
809  -0.628386
810  -0.673773
811  -0.694469
812  -0.555645
813  -0.645449
814  -0.663822
815  -0.984944
816  -1.17383
817  -0.843385
818  -0.842073
819  -0.865708
820  -1.04741
821  -0.736884
822  -0.62969
823  -0.673381
824  -0.784246
825  -1.01481
826  -0.579521
827  -0.672399
828  -1.00721
829  -1.04191
830  -1.1191
831  -1.45803
832  -0.910669
833  -0.931788
834  -1.50828
835  -1.35463
836  -1.54152
837  -1.57912
838  -1.5682
839  -1.68021
840  -1.58626
841  -1.73664
842  -1.98001
843  -1.91026
844  -2.01268
845  -2.12064
846  -2.27845
847  -1.97599
848  -2.15194
849  -1.97698
850  -2.12616
851  -2.02199
852  -2.22983
853  -2.26706
854  -2.18909
855  -2.5438
856  -2.5922
857  -2.63399
858  -2.9337
859  -3.10752
860  -2.88698
861  -2.52306
862  -2.57232
863  -2.89785
864  -2.80401
865  -2.67849
866  -2.83411
867  -2.93815
868  -2.90157
869  -2.56244
870  -2.57106
871  -2.83999
872  -2.84246
873  -2.57747
874  -2.77427
875  -2.62422
876  -2.78109
877  -3.06766
878  -3.20215
879  -3.04893
880  -2.79471
881  -2.90659
882  -2.93752
883  -2.79586
884  -2.52757
885  -2.77228
886  -2.67046
887  -2.59668
888  -2.77555
889  -2.69761
890  -2.95455
891  -2.90121
892  -3.11791
893  -3.18337
894  -2.9315
895  -2.74531
896  -3.3646
897  -3.30573
898  -2.92332
899  -2.9259
900  -3.08173
901  -2.96904
902  -3.28578
903  -3.36528
904  -3.31285
905  -3.43288
906  -3.45044
907  -3.3573
908  -3.33561
909  -3.20106
910  -3.58147
911  -3.68521
912  -3.5874
913  -3.92311
914  -4.29348
915  -4.4758
916  -4.4634
917  -4.69951
918  -4.70223
919  -4.65206
920  -4.59641
921  -4.78889
922  -4.77724
923  -4.91465
924  -4.51994
925  -4.67879
926  -4.62481
927  -4.63716
928  -4.88629
929  -4.82938
930  -4.89053
931  -5.16402
932  -5.14518
933  -5.31949
934  -5.34925
935  -5.34889
936  -5.32412
937  -5.37217
938  -5.06928
939  -5.30179
940  -5.17289
941  -4.89029
942  -4.62941
943  -4.84377
944  -4.60909
945  -4.74293
946  -4.80661
947  -4.64237
948  -4.36935
949  -4.21694
950  -4.08606
951  -3.95515
952  -3.95121
953  -3.70175
954  -3.52562
955  -3.34621
956  -3.63168
957  -3.48921
958  -3.10585
959  -3.21581
960  -3.08903
961  -3.18234
962  -3.09879
963  -2.96841
964  -2.65003
965  -2.64218
966  -2.73658
967  -2.25944
968  -2.14884
969  -2.44147
970  -2.61045
971  -2.57704
972  -2.6509
973  -2.68637
974  -2.41202
975  -2.48834
976  -2.52937
977  -2.02955
978  -2.15716
979  -2.02207
980  -1.87944
981  -1.96265
982  -1.98479
983  -2.3093
984  -2.15589
985  -1.93737
986  -2.00591
987  -2.36535
988  -1.76673
989  -1.7184
990  -1.8038
991  -1.96745
992  -1.63329
993  -1.80441
994  -1.84451
995  -2.29232
996  -2.17601
997  -2.09354
998  -2.04125
999  -1.99738
1000  -1.98298
1001  -1.9406
1002  -1.58401
1003  -1.60681
1004  -1.48576
1005  -1.53537
1006  -1.59241
1007  -1.47981
1008  -1.51613
1009  -1.58276
1010  -1.70136
1011  -1.56678
1012  -1.51399
1013  -1.49238
1014  -1.4819
1015  -1.15667
1016  -1.19039
1017  -1.57125
1018  -1.21683
1019  -1.3584
1020  -1.12366
1021  -1.08761
1022  -1.04336
1023  -1.20276
1024  -0.908874
1025  -1.34369
1026  -1.25239
1027  -0.940719
1028  -1.15172
1029  -1.05924
1030  -0.94444
1031  -1.14521
1032  -1.41348
1033  -1.15844
1034  -1.00364
1035  -0.876696
1036  -0.997322
1037  -1.41681
1038  -1.10351
1039  -1.20331
1040  -1.15946
1041  -1.15107
1042  -1.06082
1043  -1.04268
1044  -1.02569
1045  -1.45791
1046  -0.988641
1047  -0.857538
1048  -1.27381
1049  -1.34465
1050  -0.996473
1051  -1.16111
1052  -1.29771
1053  -1.09438
1054  -1.25821
1055  -1.23724
1056  -1.05337
1057  -0.893516
1058  -0.994648
1059  -1.08226
1060  -1.07637
1061  -1.16112
1062  -1.13138
1063  -1.13788
1064  -1.00251
1065  -0.996936
1066  -1.03259
1067  -1.32182
1068  -1.34883
1069  -1.20731
1070  -1.25277
1071  -1.02351
1072  -0.999167
1073  -1.09772
1074  -1.13311
1075  -1.15656
1076  -0.989974
1077  -1.17122
1078  -1.0896
1079  -1.18789
1080  -1.03732
1081  -1.11978
1082  -1.10137
1083  -1.04384
1084  -0.952474
1085  -1.3524
1086  -1.38554
1087  -1.54299
1088  -1.425
1089  -1.67029
1090  -1.99807
1091  -1.80806
1092  -1.4727
1093  -1.41006
1094  -1.34132
1095  -1.18572
1096  -1.15625
1097  -1.26452
1098  -1.16824
1099  -0.938935
1100  -1.06103
1101  -0.991039
1102  -1.07414
1103  -1.00405
1104  -0.859144
1105  -0.94118
1106  -0.881678
1107  -0.896663
1108  -0.699191
1109  -1.21998
1110  -0.957592
1111  -0.981017
1112  -0.897796
1113  -0.798535
1114  -0.861641
1115  -1.07617
1116  -0.850315
1117  -0.691792
1118  -0.847273
1119  -0.727824
1120  -0.797753
1121  -0.879721
1122  -0.689715
1123  -0.806836
1124  -0.621477
1125  -0.780574
1126  -0.467691
1127  -0.925855
1128  -1.00922
1129  -1.14238
1130  -0.805064
1131  -0.731013
1132  -0.653913
1133  -0.584307
1134  -0.898906
1135  -0.703139
1136  -0.881593
1137  -0.604247
1138  -0.607168
1139  -0.782363
1140  -0.771514
1141  -0.986715
1142  -1.09462
1143  -0.792372
1144  -0.756073
1145  -0.986138
1146  -0.927178
1147  -0.855471
1148  -0.627527
1149  -0.769589
1150  -0.863205
1151  -1.04718
1152  -0.831007
1153  -1.08706
1154  -0.907184
1155  -1.25648
1156  -1.16605
1157  -1.2751
1158  -1.11207
1159  -1.07609
1160  -1.25828
1161  -1.45418
1162  -0.985486
1163  -0.999185
1164  -0.88467
1165  -0.996525
1166  -0.648342
1167  -1.14502
1168  -1.11095
1169  -1.22071
1170  -1.11411
1171  -0.76339
1172  -0.931125
1173  -1.08406
1174  -0.778143
1175  -1.06684
1176  -0.861377
1177  -0.989749
1178  -0.590686
1179  -0.872502
1180  -0.749504
1181  -0.711729
1182  -0.737852
1183  -0.716469
1184  -0.912796
1185  -1.05392
1186  -0.83708
1187  -1.24813
1188  -1.3145
1189  -1.07762
1190  -0.832351
1191  -1.19368
1192  -0.764296
1193  -0.993081
1194  -0.702753
1195  -0.29715
1196  -0.717638
1197  -0.641373
1198  -0.823088
1199  -0.52022
1200  -0.800326
1201  -1.05528
1202  -0.788938
1203  -0.678686
1204  -0.909903
1205  -0.802687
1206  -0.937286
1207  -0.623801
1208  -0.482021
1209  -0.623221
1210  -0.548598
1211  -0.457758
1212  -0.521818
1213  -0.52749
1214  -0.736184
1215  -0.583101
1216  -0.685978
1217  -0.777946
1218  -0.868855
1219  -0.837821
1220  -0.610398
1221  -0.692979
1222  -0.650963
1223  -0.653809
1224  -0.430733
1225  -0.672967
1226  -0.63291
1227  -0.796825
1228  -0.56474
1229  -0.580991
1230  -0.409893
1231  -0.652123
1232  -0.33841
1233  -0.579723
1234  -0.558985
1235  -0.493803
1236  -0.593301
1237  -0.329254
1238  -0.478297
1239  -0.687367
1240  -0.810673
1241  -0.530671
1242  -0.770961
1243  -0.198524
1244  -0.310875
1245  -0.300364
1246  -0.515578
1247  -0.184716
1248  -0.125239
1249  -0.211289
1250  -0.365928
1251  -0.0834959
1252  -0.203148
1253  -0.571779
1254  -0.679089
1255  -0.365668
1256  -0.370399
