0  -0.281111
1  0.462959
2  -0.266918
3  -0.458657
4  -0.322597
5  -0.0564699
6  0.0275369
7  0.205954
8  -0.374143
9  -0.456673
10  0.136851
11  -0.210094
12  -0.411924
13  -0.262755
14  -0.16388
15  -0.200076
16  -0.0163798
17  0.0510367
18  0.436477
19  0.0278056
20  -0.132716
21  0.130001
22  0.142288
23  -0.0739541
24  0.0649767
25  0.355486
26  0.916441
27  -0.0791966
28  -0.453862
29  -0.0376597
30  0.390836
31  -0.263223
32  -0.0202839
33  0.143114
34  0.258888
35  -0.101488
36  -0.174968
37  0.278126
38  -0.587878
39  0.324065
40  -0.378179
41  -0.35924
42  -0.225777
43  0.0441682
44  0.340546
45  -0.293441
46  0.367017
47  0.302371
48  0.110831
49  -0.0897006
50  -0.139254
51  0.0735855
52  -0.186963
53  -0.542257
54  0.00195329
55  -0.313105
56  -0.261273
57  -0.245048
58  0.127979
59  0.439293
60  0.131464
61  -0.112288
62  0.243113
63  -0.332563
64  -0.0868752
65  -0.160926
66  0.0483474
67  -0.0669643
68  0.365906
69  0.102705
70  -0.100856
71  -0.0710729
72  -0.00389604
73  -0.121365
74  0.0651881
75  0.246182
76  -0.102377
77  0.126249
78  -0.00216829
79  -0.0696628
80  0.434217
81  0.20055
82  0.520635
83  -0.283862
84  0.0259471
85  0.327584
86  -0.0482528
87  -0.0570927
88  -0.0162377
89  0.0064426
90  -0.358764
91  -0.287409
92  -0.365592
93  0.202981
94  0.131613
95  -0.00818782
96  0.136907
97  -0.179317
98  -0.689187
99  -0.274287
100  -0.485372
101  0.144802
102  -0.0516665
103  0.117086
104  -0.213292
105  0.622662
106  0.0382011
107  0.344038
108  0.180847
109  0.13801
110  -0.162533
111  -0.182276
112  -0.137809
113  0.154721
114  -0.382829
115  -0.0612348
116  0.195482
117  0.286683
118  -0.270136
119  -0.0853197
120  0.0975975
121  0.157938
122  0.0642646
123  0.12715
124  -0.25631
125  -0.484626
126  0.158334
127  -0.136839
128  0.291155
129  -0.333067
130  -0.166498
131  -0.464594
132  0.054831
133  0.265476
134  -0.147383
135  -0.296595
136  0.167679
137  -0.0266988
138  -0.0675195
139  -0.397826
140  0.179611
141  0.0527052
142  0.0850842
143  0.141846
144  -0.179682
145  -0.329352
146  0.136976
147  -0.135626
148  0.0756857
149  0.436723
150  0.416698
151  -0.665571
152  0.100852
153  -0.520372
154  0.199418
155  0.436605
156  0.269822
157  0.151919
158  -0.0957697
159  -0.0149497
160  0.0959278
161  -0.26887
162  0.0553106
163  0.220381
164  0.626948
165  0.23493
166  -0.228056
167  -0.00619353
168  0.286707
169  0.194128
170  -0.103037
171  -0.167878
172  0.534296
173  0.2191
174  -0.0485756
175  0.718769
176  -0.30937
177  -0.0382079
178  -0.177403
179  -0.215307
180  0.143163
181  -0.141595
182  -0.370649
183  -0.109899
184  0.115479
185  -0.128656
186  -0.140569
187  -0.170592
188  0.301756
189  -0.0218603
190  0.381156
191  0.188061
192  0.300762
193  0.0679167
194  0.0902899
195  -0.252615
196  0.385659
197  0.212858
198  0.410061
199  0.0653908
200  -0.0931107
201  0.124253
202  0.133073
203  0.0579994
204  -0.0370173
205  -0.303793
206  -0.0929993
207  0.0759902
208  0.197062
209  -0.109965
210  0.235863
211  -0.0606114
212  -0.3645
213  0.299535
214  0.322712
215  0.699664
216  0.124058
217  0.797127
218  0.632789
219  0.0545037
220  0.148248
221  -0.152952
222  0.0569698
223  0.277033
224  -0.359603
225  -0.156482
226  -0.29226
227  0.206476
228  0.0814467
229  -0.246408
230  -0.335596
231  -0.299269
232  -0.264447
233  -0.0268391
234  0.104926
235  0.264223
236  0.329099
237  -0.189165
238  0.0170062
239  -0.322257
240  -0.409984
241  -0.232895
242  -0.129168
243  0.234237
244  -0.394412
245  -0.0881445
246  0.222391
247  0.108262
248  0.103924
249  0.480221
250  -0.188838
251  -0.306968
252  0.35487
253  0.0711177
254  -0.0692869
255  0.110557
256  0.0426085
257  -0.38403
258  0.245883
259  0.288714
260  -0.00625645
261  -0.470832
262  0.0683156
263  0.341257
264  -0.0451787
265  0.21335
266  0.273736
267  0.132781
268  -0.0820738
269  0.0608432
270  -0.00349776
271  0.183611
272  0.278209
273  0.377461
274  -0.00767808
275  0.499244
276  0.26422
277  -0.309672
278  0.399113
279  -0.122045
280  0.247989
281  -0.460114
282  -0.241761
283  -0.131864
284  -0.180922
285  0.305137
286  -0.347017
287  0.115625
288  0.411824
289  0.13639
290  -0.132761
291  -0.152418
292  -0.0835709
293  -0.142254
294  -0.373938
295  -0.171488
296  -0.197277
297  0.0663303
298  -0.0917539
299  -0.300134
300  -0.0473708
301  0.160971
302  -0.115612
303  -0.359011
304  -0.142323
305  -0.0523409
306  -0.379128
307  -0.434126
308  -0.0112579
309  0.0606948
310  -0.313016
311  0.100448
312  0.0620269
313  -0.278007
314  0.193917
315  0.372197
316  -0.240491
317  0.153422
318  -0.0431267
319  -0.106927
320  -0.207327
321  -0.0518696
322  -0.134824
323  -0.501392
324  -0.286036
325  0.159613
326  -0.358714
327  -0.47122
328  -0.570669
329  0.049034
330  -0.214969
331  -0.411743
332  -0.44727
333  -0.207161
334  0.0580327
335  0.174649
336  0.0175466
337  -0.0479528
338  -0.220386
339  0.0508103
340  0.00193781
341  0.169268
342  0.0877068
343  0.114381
344  -0.253013
345  -0.297011
346  -0.170831
347  0.159188
348  -0.0852297
349  -0.321242
350  0.192243
351  0.536336
352  -0.344861
353  0.246366
354  0.329715
355  0.163107
356  0.118719
357  0.0891912
358  -0.174449
359  0.0298049
360  0.534677
361  0.37793
362  0.112283
363  0.0741053
364  0.668517
365  0.0515795
366  0.0832728
367  0.721735
368  0.313263
369  -0.0415652
370  0.241132
371  0.255784
372  -0.239451
373  0.136477
374  -0.0686189
375  -0.226259
376  -0.588269
377  -0.31352
378  -0.0732294
379  -0.288272
380  0.0334875
381  -0.157702
382  0.224854
383  -0.164388
384  0.201822
385  0.0775861
386  0.225471
387  -0.106386
388  -0.369781
389  0.0255523
390  0.0455359
391  0.158869
392  0.188136
393  -0.0850119
394  -0.0618825
395  -0.0225571
396  0.147125
397  0.107436
398  0.138326
399  0.195949
400  0.573049
401  -0.227294
402  -0.314383
403  -0.120014
404  -0.0112407
405  -0.0942283
406  0.379758
407  -0.139918
408  -0.161547
409  -0.513187
410  0.051813
411  -0.216794
412  0.110367
413  -0.0713548
414  -0.235565
415  0.00242863
416  -0.390256
417  -0.184524
418  0.320425
419  -0.150167
420  -0.15385
421  0.173524
422  0.18618
423  0.00359842
424  -0.0609216
425  -0.011366
426  0.0589747
427  -0.150956
428  -0.517615
429  0.0180526
430  0.601801
431  -0.277168
432  -0.174902
433  -0.244988
434  -0.0315341
435  -0.415817
436  -0.215349
437  0.261501
438  0.0280982
439  0.495558
440  0.192501
441  -0.179722
442  0.0513221
443  0.0911324
444  0.403318
445  -0.0584116
446  -0.00165494
447  -0.232989
448  -0.175948
449  -0.200482
450  0.0104358
451  0.135536
452  -0.591413
453  -0.188596
454  0.00810049
455  0.268613
456  -0.47319
457  0.322065
458  0.0587391
459  0.0992252
460  -0.20637
461  0.0138703
462  0.00764691
463  -0.0660698
464  -0.0443528
465  0.369685
466  -0.416775
467  -0.193054
468  0.0180284
469  0.393902
470  0.541278
471  0.339484
472  0.199801
473  0.126284
474  -0.411955
475  0.0244056
476  -0.144079
477  -0.0328037
478  0.261677
479  0.369643
480  0.0354837
481  -0.0474896
482  0.0791858
483  0.476441
484  0.303274
485  0.382841
486  -0.393895
487  -0.122495
488  -0.475991
489  -0.0653082
490  -0.052458
491  -0.413215
492  -0.0379172
493  -0.181951
494  -0.0224916
495  0.653792
496  -0.30537
497  -0.341302
498  -0.0487881
499  -0.35511
500  -0.295851
501  -0.329058
502  -0.292628
503  0.224028
504  -0.277747
505  -0.850579
506  -1.23116
507  -5.08644
508  -18.2769
509  -60.5863
510  -177.616
511  -429.244
512  -853.507
513  -1404.48
514  -1964.38
515  -2414.21
516  -2691.36
517  -2796.01
518  -2757.93
519  -2612.17
520  -2394.38
521  -2145.39
522  -1897.63
523  -1665.18
524  -1450.8
525  -1255.95
526  -1076.72
527  -913.682
528  -773.516
529  -664.454
530  -582.342
531  -512.974
532  -448.182
533  -389.259
534  -340.226
535  -300.726
536  -268.717
537  -245.878
538  -231.1
539  -217.275
540  -200.012
541  -180.245
542  -164.077
543  -158.756
544  -160.569
545  -161.696
546  -156.882
547  -147.149
548  -139.117
549  -135.296
550  -133.084
551  -135.157
552  -138.733
553  -139.608
554  -134.405
555  -124.116
556  -116.16
557  -114.081
558  -117.021
559  -117.464
560  -112.274
561  -103.585
562  -94.564
563  -87.9424
564  -84.7878
565  -85.6741
566  -87.7278
567  -85.868
568  -79.6783
569  -70.8145
570  -65.7071
571  -65.923
572  -69.1648
573  -70.7241
574  -68.9341
575  -63.8187
576  -58.3381
577  -55.0399
578  -54.8433
579  -57.3514
580  -59.432
581  -58.9019
582  -54.9242
583  -49.5788
584  -46.6236
585  -46.5507
586  -48.884
587  -51.3978
588  -51.0239
589  -46.7794
590  -41.7207
591  -39.6426
592  -40.8522
593  -43.8724
594  -45.4572
595  -44.5294
596  -40.2176
597  -36.2373
598  -34.2867
599  -35.1809
600  -37.5937
601  -38.8278
602  -37.8078
603  -34.7156
604  -30.9154
605  -29.3982
606  -31.3073
607  -34.3349
608  -36.9407
609  -35.8236
610  -31.7139
611  -28.4677
612  -26.4292
613  -27.7534
614  -30.1103
615  -30.8461
616  -29.4968
617  -26.6292
618  -23.1004
619  -22.5428
620  -24.5429
621  -26.6659
622  -28.44
623  -27.482
624  -25.3871
625  -22.0859
626  -21.0974
627  -21.2883
628  -23.3646
629  -24.9148
630  -24.6166
631  -22.6558
632  -20.4178
633  -19.6881
634  -21.1046
635  -23.2055
636  -24.4288
637  -24.1323
638  -21.3778
639  -18.2518
640  -16.8114
641  -16.5329
642  -18.2096
643  -18.5167
644  -17.494
645  -15.819
646  -14.3349
647  -13.9728
648  -16.0259
649  -17.5539
650  -17.2869
651  -17.0826
652  -15.4142
653  -14.5778
654  -14.2245
655  -15.5526
656  -16.4839
657  -17.0857
658  -16.6413
659  -14.8698
660  -13.3845
661  -13.4866
662  -14.3543
663  -15.0999
664  -14.6626
665  -14.5904
666  -13.4633
667  -12.3961
668  -12.0238
669  -12.4446
670  -13.824
671  -13.7334
672  -13.7778
673  -12.4644
674  -10.9135
675  -11.0155
676  -11.388
677  -12.6783
678  -12.5612
679  -12.4082
680  -11.4167
681  -10.102
682  -9.96071
683  -10.6502
684  -11.3027
685  -11.663
686  -11.5922
687  -10.1188
688  -9.34142
689  -9.87757
690  -10.6061
691  -11.0504
692  -11.0285
693  -10.1332
694  -9.53958
695  -8.49425
696  -8.76993
697  -9.61894
698  -9.93469
699  -10.5214
700  -9.98629
701  -8.43357
702  -7.7784
703  -7.55256
704  -8.54434
705  -9.49725
706  -9.07872
707  -8.72822
708  -7.26605
709  -7.00975
710  -7.48084
711  -8.03559
712  -8.90048
713  -9.01595
714  -8.16306
715  -7.45209
716  -7.12102
717  -7.48161
718  -7.48308
719  -8.04794
720  -7.98742
721  -8.0076
722  -7.15108
723  -7.04354
724  -6.69656
725  -7.65958
726  -8.24594
727  -8.53878
728  -7.98002
729  -7.57426
730  -7.24686
731  -7.30582
732  -8.18001
733  -8.32304
734  -8.08323
735  -8.61425
736  -7.96994
737  -8.12149
738  -9.08968
739  -8.91547
740  -8.77086
741  -8.38402
742  -7.71454
743  -6.65399
744  -5.86
745  -5.45726
746  -6.19009
747  -6.02473
748  -5.69008
749  -4.96694
750  -4.32188
751  -4.67664
752  -4.5336
753  -5.26742
754  -5.76403
755  -5.34765
756  -5.28199
757  -4.59422
758  -4.24751
759  -4.41176
760  -4.25181
761  -4.07257
762  -3.42861
763  -3.24932
764  -2.67241
765  -2.20641
766  -2.71081
767  -3.24546
768  -4.38455
769  -5.07022
770  -4.85594
771  -4.16048
772  -4.41373
773  -4.88233
774  -5.7056
775  -5.73975
776  -5.65648
777  -5.28447
778  -5.11275
779  -4.70361
780  -4.89112
781  -5.15523
782  -5.54348
783  -5.25045
784  -5.2776
785  -4.54096
786  -4.16086
787  -4.44474
788  -5.06497
789  -5.14425
790  -5.78113
791  -4.65637
792  -4.5349
793  -4.45242
794  -4.49011
795  -4.75103
796  -4.98542
797  -4.7046
798  -4.94468
799  -4.14022
800  -4.33431
801  -4.17287
802  -4.13657
803  -4.51456
804  -4.44137
805  -4.29429
806  -4.28148
807  -4.40976
808  -4.22198
809  -4.253
810  -4.64281
811  -4.54864
812  -3.68471
813  -4.276
814  -4.29569
815  -3.79188
816  -4.67706
817  -4.65532
818  -4.68039
819  -4.00011
820  -4.07352
821  -4.05261
822  -4.16133
823  -4.17208
824  -4.12262
825  -3.91472
826  -4.02705
827  -4.31534
828  -3.76848
829  -4.08907
830  -4.0876
831  -3.91697
832  -3.83977
833  -4.30914
834  -4.31711
835  -4.04352
836  -3.40654
837  -3.99555
838  -4.20289
839  -3.95977
840  -3.80048
841  -3.34005
842  -3.66261
843  -3.65018
844  -3.7706
845  -3.55536
846  -3.19853
847  -3.27407
848  -3.5386
849  -3.15614
850  -3.94875
851  -4.04061
852  -3.86695
853  -3.1231
854  -3.55816
855  -4.00188
856  -3.61341
857  -4.00897
858  -3.50883
859  -3.41725
860  -3.56425
861  -3.80168
862  -3.1754
863  -3.65178
864  -3.38275
865  -3.76384
866  -3.39516
867  -3.45401
868  -3.40448
869  -3.56634
870  -3.5074
871  -3.85203
872  -4.02768
873  -3.20138
874  -3.10443
875  -3.12308
876  -3.00816
877  -2.66763
878  -3.40152
879  -3.29262
880  -3.1449
881  -3.0578
882  -3.26574
883  -2.95048
884  -3.28373
885  -3.08975
886  -2.88332
887  -2.69669
888  -3.08474
889  -2.64277
890  -2.75404
891  -2.99929
892  -3.18585
893  -3.45616
894  -3.18294
895  -2.66295
896  -3.31504
897  -2.75704
898  -2.85294
899  -2.63982
900  -3.23875
901  -3.03539
902  -3.35562
903  -2.7724
904  -2.4118
905  -3.08907
906  -3.37595
907  -3.05192
908  -2.76088
909  -2.60846
910  -3.02338
911  -2.88306
912  -2.83925
913  -3.09711
914  -2.66367
915  -2.58258
916  -2.74247
917  -2.33804
918  -2.97578
919  -3.10086
920  -3.16819
921  -2.59645
922  -2.76668
923  -2.79861
924  -2.63988
925  -2.41279
926  -2.84137
927  -2.71514
928  -2.56918
929  -2.72994
930  -2.77664
931  -2.40749
932  -2.69807
933  -2.95875
934  -2.84095
935  -2.85337
936  -2.75403
937  -2.61402
938  -2.62244
939  -3.19427
940  -2.48598
941  -2.07588
942  -2.31646
943  -2.38873
944  -2.25434
945  -2.81463
946  -2.48247
947  -2.92615
948  -2.2026
949  -2.60586
950  -2.75282
951  -2.63052
952  -2.84121
953  -3.17998
954  -2.79112
955  -2.65064
956  -2.46497
957  -2.4417
958  -2.37331
959  -2.64921
960  -2.64141
961  -2.55064
962  -2.63458
963  -2.95888
964  -3.34115
965  -3.05353
966  -2.83077
967  -2.62297
968  -3.10122
969  -2.28942
970  -2.50984
971  -2.17187
972  -2.12274
973  -2.53263
974  -2.5511
975  -2.06767
976  -2.25166
977  -2.46186
978  -2.36157
979  -2.236
980  -2.0073
981  -2.53463
982  -2.43584
983  -2.36336
984  -2.16857
985  -2.00485
986  -2.41381
987  -2.05929
988  -2.27562
989  -2.43525
990  -2.47971
991  -2.01575
992  -2.94359
993  -2.03321
994  -2.69698
995  -2.55009
996  -2.06636
997  -2.38228
998  -2.32015
999  -2.00133
1000  -1.77016
1001  -2.37997
1002  -2.2874
1003  -2.25899
1004  -1.51133
1005  -2.31006
1006  -2.17747
1007  -2.52309
1008  -2.28939
1009  -1.8944
1010  -1.95135
1011  -1.92861
1012  -2.07248
1013  -1.88886
1014  -1.81024
1015  -1.77028
1016  -2.03085
1017  -2.10161
1018  -1.93528
1019  -2.10316
1020  -1.86782
1021  -1.74643
1022  -2.23348
1023  -1.65192
1024  -1.62177
1025  -1.91034
1026  -1.61362
1027  -1.7441
1028  -1.54881
1029  -2.10389
1030  -2.06127
1031  -2.00151
1032  -1.8423
1033  -1.18483
1034  -1.74633
1035  -1.73937
1036  -2.06906
1037  -1.58928
1038  -1.76855
1039  -1.89708
1040  -2.47178
1041  -1.55434
1042  -1.75559
1043  -1.49588
1044  -1.84769
1045  -1.79945
1046  -1.97243
1047  -2.15316
1048  -1.64803
1049  -1.61535
1050  -1.89433
1051  -2.20003
1052  -2.02256
1053  -2.32636
1054  -2.37804
1055  -2.24796
1056  -2.14752
1057  -1.65301
1058  -1.46631
1059  -1.66951
1060  -2.03719
1061  -2.16409
1062  -1.724
1063  -1.99311
1064  -1.87194
1065  -1.6652
1066  -2.0057
1067  -2.15877
1068  -2.13036
1069  -1.82512
1070  -1.70821
1071  -1.54652
1072  -1.89506
1073  -1.92682
1074  -1.70256
1075  -1.63121
1076  -1.90538
1077  -1.5338
1078  -1.61679
1079  -1.64217
1080  -2.26678
1081  -2.026
1082  -1.36821
1083  -1.41205
1084  -1.85975
1085  -1.56056
1086  -1.56999
1087  -1.37729
1088  -1.33501
1089  -1.51031
1090  -2.02791
1091  -1.90407
1092  -1.73526
1093  -1.34139
1094  -1.56513
1095  -1.53871
1096  -1.55731
1097  -1.47993
1098  -1.36285
1099  -1.27694
1100  -1.82123
1101  -1.44931
1102  -1.77686
1103  -1.6953
1104  -1.56832
1105  -1.71144
1106  -1.41032
1107  -1.54745
1108  -1.09647
1109  -2.03306
1110  -1.59904
1111  -1.37851
1112  -1.52388
1113  -1.61566
1114  -2.08675
1115  -1.69956
1116  -1.03842
1117  -1.39544
1118  -1.5293
1119  -1.99785
1120  -1.50275
1121  -1.4042
1122  -1.78194
1123  -1.63324
1124  -1.51553
1125  -2.06011
1126  -1.25469
1127  -1.36195
1128  -1.54237
1129  -1.49139
1130  -1.86206
1131  -1.81197
1132  -1.61548
1133  -1.74966
1134  -1.71993
1135  -1.29309
1136  -1.48899
1137  -1.74368
1138  -1.61114
1139  -1.83694
1140  -1.74014
1141  -1.49386
1142  -1.59528
1143  -2.09915
1144  -0.886919
1145  -1.4521
1146  -1.47914
1147  -1.91866
1148  -1.57574
1149  -1.38456
1150  -1.44994
1151  -1.49567
1152  -1.76105
1153  -1.2957
1154  -1.24221
1155  -1.45759
1156  -1.5279
1157  -1.51061
1158  -1.38321
1159  -1.92407
1160  -2.39087
1161  -2.17574
1162  -1.73805
1163  -2.2471
1164  -2.20417
1165  -2.72436
1166  -2.04911
1167  -2.24988
1168  -2.24767
1169  -2.6621
1170  -2.60695
1171  -2.68258
1172  -2.06372
1173  -2.061
1174  -2.14971
1175  -1.68554
1176  -2.09749
1177  -2.22032
1178  -2.09548
1179  -2.34927
1180  -2.04186
1181  -2.46112
1182  -2.59264
1183  -2.21241
1184  -2.4614
1185  -2.38207
1186  -2.04719
1187  -2.4154
1188  -2.49172
1189  -2.42179
1190  -3.06495
1191  -2.74125
1192  -2.85445
1193  -2.4201
1194  -2.89539
1195  -3.35219
1196  -3.37386
1197  -3.03961
1198  -3.67836
1199  -4.09216
1200  -3.59386
1201  -3.24164
1202  -3.58526
1203  -3.42759
1204  -3.45362
1205  -3.16422
1206  -3.41278
1207  -4.08841
1208  -3.69522
1209  -3.37888
1210  -4.0752
1211  -3.69247
1212  -3.92891
1213  -3.65789
1214  -4.15061
1215  -3.78388
1216  -4.59544
1217  -4.36374
1218  -4.70568
1219  -5.37538
1220  -5.14455
1221  -4.87381
1222  -5.15538
1223  -5.13889
1224  -4.92878
1225  -5.23962
1226  -5.57944
1227  -5.75261
1228  -5.79684
1229  -5.4406
1230  -6.50476
1231  -6.7257
1232  -6.6284
1233  -6.90244
1234  -7.12019
1235  -7.39444
1236  -6.98777
1237  -7.0819
1238  -7.56164
1239  -7.77222
1240  -7.82136
1241  -7.92492
1242  -8.61947
1243  -8.67848
1244  -9.05136
1245  -9.39187
1246  -9.46763
1247  -10.3433
1248  -10.8015
1249  -10.7428
1250  -11.5758
1251  -11.9883
1252  -12.0529
1253  -13.167
1254  -13.7279
1255  -14.4905
1256  -15.0179
1257  -15.3583
1258  -15.7964
1259  -16.0503
1260  -16.8744
1261  -17.448
1262  -18.2044
1263  -18.3938
1264  -19.7481
1265  -19.9481
1266  -20.4789
1267  -20.5554
1268  -21.1997
1269  -21.5655
1270  -22.1531
1271  -22.7939
1272  -23.6968
1273  -24.3367
1274  -24.6882
1275  -25.4253
1276  -26.2678
1277  -27.9909
1278  -28.3994
1279  -28.9421
1280  -29.5374
1281  -30.5316
1282  -31.2878
1283  -31.4279
1284  -32.5826
1285  -33.0325
1286  -33.2323
1287  -33.9698
1288  -33.3925
1289  -33.5425
1290  -33.7152
1291  -33.1732
1292  -33.4848
1293  -34.0989
1294  -34.0599
1295  -33.6586
1296  -32.7105
1297  -32.2524
1298  -32.0836
1299  -31.869
1300  -30.7308
1301  -30.1936
1302  -29.9078
1303  -29.2319
1304  -28.908
1305  -28.4172
1306  -28.4195
1307  -27.7624
1308  -27.3641
1309  -26.7592
1310  -26.6327
1311  -26.0836
1312  -25.5455
1313  -25.1774
1314  -24.5994
1315  -25.086
1316  -25.0686
1317  -25.9271
1318  -25.0061
1319  -25.8775
1320  -25.5943
1321  -25.3145
1322  -25.5659
1323  -25.2887
1324  -25.8027
1325  -26.3342
1326  -26.2904
1327  -26.9294
1328  -27.4329
1329  -27.6116
1330  -27.9088
1331  -28.0559
1332  -28.5023
1333  -28.6818
1334  -28.9892
1335  -29.1439
1336  -30.3945
1337  -30.6744
1338  -30.5117
1339  -30.8204
1340  -30.9591
1341  -31.535
1342  -31.8716
1343  -31.8653
1344  -32.4817
1345  -32.2734
1346  -32.0563
1347  -32.2896
1348  -31.8135
1349  -32.6281
1350  -33.0916
1351  -33.0566
1352  -33.2834
1353  -33.2653
1354  -33.6448
1355  -33.6707
1356  -33.7648
1357  -33.4925
1358  -33.6226
1359  -33.0498
1360  -32.6932
1361  -32.7328
1362  -32.5084
1363  -32.566
1364  -31.9963
1365  -32.5822
1366  -32.1142
1367  -32.2499
1368  -32.3079
1369  -32.1138
1370  -31.3265
1371  -31.0854
1372  -30.916
1373  -30.4097
1374  -30.6085
1375  -31.4036
1376  -31.7143
1377  -31.1057
1378  -31.4214
1379  -30.7849
1380  -31.5328
1381  -31.1817
1382  -31.2406
1383  -30.8503
1384  -31.3211
1385  -31.2555
1386  -31.085
1387  -29.885
1388  -30.0243
1389  -29.2701
1390  -29.277
1391  -29.1383
1392  -29.1973
1393  -29.2956
1394  -29.6029
1395  -29.3261
1396  -28.6642
1397  -28.291
1398  -28.9528
1399  -28.5096
1400  -27.7795
1401  -27.3206
1402  -27.7077
1403  -27.5778
1404  -27.2134
1405  -27.486
1406  -27.4948
1407  -26.6009
1408  -26.5366
1409  -26.7898
1410  -26.9849
1411  -26.7037
1412  -26.2421
1413  -26.814
1414  -26.3158
1415  -26.3984
1416  -26.4215
1417  -25.7166
1418  -25.81
1419  -25.15
1420  -25.2983
1421  -25.2024
1422  -24.9799
1423  -24.9312
1424  -25.0808
1425  -25.0784
1426  -25.5901
1427  -25.0389
1428  -24.6312
1429  -24.6957
1430  -24.7589
1431  -24.4997
1432  -24.006
1433  -23.6734
1434  -23.8907
1435  -24.3159
1436  -24.8554
1437  -24.6282
1438  -24.2144
1439  -23.7363
1440  -24.102
1441  -23.864
1442  -23.4992
1443  -23.1888
1444  -23.2887
1445  -23.5263
1446  -23.3625
1447  -23.4508
1448  -23.1469
1449  -23.6928
1450  -23.9444
1451  -23.4953
1452  -23.7658
1453  -23.5833
1454  -22.9755
1455  -22.7983
1456  -23.3177
1457  -23.7629
1458  -23.4696
1459  -22.7614
1460  -22.3084
1461  -22.1567
1462  -22.161
1463  -21.8979
1464  -21.5581
1465  -20.7495
1466  -21.3911
1467  -20.8311
1468  -21.0455
1469  -21.5302
1470  -21.3268
1471  -21.377
1472  -21.5027
1473  -21.6068
1474  -22.0728
1475  -21.2801
1476  -21.3964
1477  -20.9625
1478  -20.7408
1479  -20.8928
1480  -20.7286
1481  -20.8954
1482  -20.6167
1483  -21.0377
1484  -20.1275
1485  -20.1356
1486  -20.4212
1487  -20.4065
1488  -20.4589
1489  -20.2008
1490  -20.489
1491  -20.8796
1492  -20.0984
1493  -19.6661
1494  -19.1798
1495  -19.2762
1496  -19.5506
1497  -19.7381
1498  -19.7663
1499  -19.6467
1500  -20.1576
1501  -20.5137
1502  -19.9097
1503  -19.4071
1504  -19.1298
1505  -19.0196
1506  -19.339
1507  -18.9566
1508  -19.2234
1509  -19.3014
1510  -19.2274
1511  -19.5809
1512  -19.3402
1513  -19.2932
1514  -18.5815
1515  -18.2049
1516  -18.4182
1517  -19.1688
1518  -19.0226
1519  -19.1584
1520  -19.0168
1521  -18.5954
1522  -19.0251
1523  -19.1385
1524  -19.3231
1525  -19.1852
1526  -19.5208
1527  -18.9078
1528  -18.4818
1529  -18.2738
1530  -18.4359
1531  -18.506
1532  -18.6291
1533  -18.741
1534  -18.3532
1535  -17.8143
1536  -17.5211
1537  -17.3303
1538  -17.3737
1539  -17.649
1540  -17.57
1541  -17.6379
1542  -17.9859
1543  -18.2574
1544  -17.8521
1545  -17.724
1546  -18.2807
1547  -18.153
1548  -17.3445
1549  -18.0265
1550  -18.0385
1551  -18.2626
1552  -17.8644
1553  -17.6178
1554  -17.6254
1555  -17.3817
1556  -18.0496
1557  -17.1936
1558  -17.5615
1559  -17.4024
1560  -17.2947
1561  -17.2914
1562  -17.068
1563  -17.384
1564  -17.2672
1565  -17.629
1566  -17.107
1567  -17.2297
1568  -17.7617
1569  -17.1192
1570  -17.3241
1571  -16.8682
1572  -16.5572
1573  -16.7723
1574  -16.2959
1575  -16.5258
1576  -16.8504
1577  -16.2722
1578  -16.1715
1579  -16.1226
1580  -16.1446
1581  -15.7997
1582  -15.9698
1583  -16.1923
1584  -15.9407
1585  -16.0617
1586  -15.7539
1587  -15.8451
1588  -15.7557
1589  -15.7045
1590  -16.6943
1591  -16.2101
1592  -15.6779
1593  -15.3769
1594  -15.8048
1595  -15.5288
1596  -15.3471
1597  -15.4815
1598  -16.3809
1599  -16.1388
1600  -16.3545
1601  -16.3168
1602  -16.1596
1603  -15.8291
1604  -16.3166
1605  -16.1277
1606  -16.6043
1607  -16.5375
1608  -15.913
1609  -16.2733
1610  -15.5763
1611  -15.9418
1612  -15.0096
1613  -14.8254
1614  -15.0742
1615  -14.9146
1616  -15.3772
1617  -15.3606
1618  -15.7284
1619  -15.5931
1620  -15.2998
1621  -15.1161
1622  -15.4988
1623  -15.6912
1624  -15.5025
1625  -15.7174
1626  -14.7963
1627  -14.8248
1628  -15.0223
1629  -14.3585
1630  -14.0813
1631  -14.162
1632  -13.8114
1633  -14.0999
1634  -14.3715
1635  -14.4016
1636  -14.2559
1637  -13.8863
1638  -14.1416
1639  -14.3509
1640  -14.1267
1641  -14.1809
1642  -15.1619
1643  -14.5711
1644  -14.4806
1645  -14.5463
1646  -13.972
1647  -13.6919
1648  -13.7369
1649  -14.0318
1650  -14.1742
1651  -13.7785
1652  -13.7017
1653  -13.8805
1654  -14.0764
1655  -13.9961
1656  -14.3266
1657  -14.0673
1658  -14.844
1659  -14.5507
1660  -14.958
1661  -15.1451
1662  -14.4446
1663  -14.9095
1664  -14.3978
1665  -14.2047
1666  -14.2199
1667  -14.1648
1668  -14.3191
1669  -13.5671
1670  -13.4967
1671  -13.6095
1672  -13.8225
1673  -14.1027
1674  -13.9918
1675  -13.5941
1676  -14.2531
1677  -13.7411
1678  -13.7763
1679  -13.0258
1680  -13.4944
1681  -13.0184
1682  -13.7424
1683  -13.6881
1684  -13.4118
1685  -13.3622
1686  -13.5383
1687  -13.3273
1688  -13.777
1689  -13.9891
1690  -14.1629
1691  -13.9161
1692  -13.1625
1693  -13.5231
1694  -12.9456
1695  -13.0024
1696  -12.8002
1697  -13.0558
1698  -13.0959
1699  -13.6929
1700  -13.8173
1701  -12.8312
1702  -12.6103
1703  -13.0182
1704  -13.1977
1705  -12.6273
1706  -12.9186
1707  -12.8337
1708  -12.4107
1709  -12.8292
1710  -12.5578
1711  -12.3984
1712  -12.608
1713  -12.3427
1714  -12.5527
1715  -12.1597
1716  -12.6321
1717  -12.5442
1718  -12.5821
1719  -12.4633
1720  -12.6411
1721  -12.5478
1722  -12.9429
1723  -12.4876
1724  -12.7463
1725  -13.1151
1726  -12.3877
1727  -12.5026
1728  -12.5833
1729  -12.8174
1730  -12.9574
1731  -12.5404
1732  -12.6975
1733  -12.5225
1734  -12.6543
1735  -12.4198
1736  -12.5209
1737  -12.7792
1738  -12.9445
1739  -13.017
1740  -12.7973
1741  -12.5832
1742  -12.4268
1743  -12.276
1744  -11.7825
1745  -11.9971
1746  -11.8129
1747  -11.3649
1748  -11.6194
1749  -11.5869
1750  -11.5993
1751  -11.5809
1752  -11.6289
1753  -11.8181
1754  -12.0488
1755  -11.7284
1756  -11.9169
1757  -12.0691
1758  -11.5797
1759  -11.9292
1760  -11.8228
1761  -11.6658
1762  -11.991
1763  -11.4516
1764  -11.2428
1765  -11.3715
1766  -11.768
1767  -11.7531
1768  -11.6815
1769  -12.455
1770  -12.1343
1771  -11.5542
1772  -12.2497
1773  -11.7362
1774  -11.909
1775  -11.558
1776  -11.46
1777  -11.2607
1778  -11.6779
1779  -11.4125
1780  -11.5579
1781  -11.9313
1782  -10.9367
1783  -10.9601
1784  -11.4588
1785  -10.9949
1786  -11.3795
1787  -11.5606
1788  -11.1476
1789  -11.0543
1790  -10.9901
1791  -11.3928
1792  -11.0296
1793  -11.2207
1794  -10.8782
1795  -11.1716
1796  -11.4719
1797  -10.9117
1798  -10.7613
1799  -11.2457
1800  -10.909
1801  -10.7514
1802  -11.5759
1803  -11.3137
1804  -11.0416
1805  -11.6147
1806  -11.3904
1807  -11.2086
1808  -10.8728
1809  -10.3994
1810  -10.5875
1811  -11.0138
1812  -11.2578
1813  -10.8346
1814  -10.6013
1815  -10.997
1816  -11.3224
1817  -11.6445
1818  -11.3589
1819  -11.1811
1820  -11.6086
1821  -11.0814
1822  -11.0685
1823  -11.0884
1824  -10.3134
1825  -10.5751
1826  -11.1082
1827  -10.7097
1828  -10.4043
1829  -10.6569
1830  -10.8746
1831  -10.5408
1832  -10.4053
1833  -10.4835
1834  -10.2133
1835  -10.5225
1836  -10.5343
1837  -10.8711
1838  -10.0301
1839  -10.2445
1840  -10.4896
1841  -10.0614
1842  -10.3262
1843  -10.0546
1844  -9.43044
1845  -9.81638
1846  -9.22915
1847  -10.0913
1848  -10.022
1849  -9.74941
1850  -10.3331
1851  -9.76748
1852  -10.3813
1853  -10.188
1854  -9.77245
1855  -10.2333
1856  -10.2455
1857  -10.6322
1858  -9.79468
1859  -10.3635
1860  -9.78449
1861  -9.39789
1862  -9.70112
1863  -10.5346
1864  -10.3964
1865  -10.3226
1866  -10.041
1867  -9.83015
1868  -10.3145
1869  -10.2553
1870  -9.9532
1871  -9.16225
1872  -9.71639
1873  -9.27937
1874  -9.57067
1875  -10.0123
1876  -9.66172
1877  -9.01442
1878  -9.87284
1879  -9.92864
1880  -9.4883
1881  -9.16535
1882  -9.3278
1883  -9.29909
1884  -9.59552
1885  -9.66391
1886  -9.6412
1887  -9.36801
1888  -9.29134
1889  -9.50501
1890  -9.30824
1891  -9.69716
1892  -9.62155
1893  -9.08866
1894  -8.78743
1895  -9.68517
1896  -9.15134
1897  -9.16492
1898  -9.15
1899  -9.30161
1900  -9.40333
1901  -8.65817
1902  -8.54073
1903  -8.53685
1904  -8.97084
1905  -9.36047
1906  -9.42122
1907  -8.78284
1908  -8.74559
1909  -9.08041
1910  -9.26646
1911  -9.02812
1912  -8.51752
1913  -8.62384
1914  -8.698
1915  -8.62895
1916  -8.78764
1917  -9.16164
1918  -8.96878
1919  -9.26069
1920  -8.16861
1921  -8.63476
1922  -8.92421
1923  -8.77336
1924  -8.88492
1925  -8.89308
1926  -8.75181
1927  -8.45612
1928  -8.69672
1929  -8.37656
1930  -8.42969
1931  -8.93828
1932  -8.23093
1933  -8.30084
1934  -7.88672
1935  -8.58646
1936  -8.41817
1937  -8.04678
1938  -8.26376
1939  -8.37188
1940  -8.27453
1941  -8.50433
1942  -8.72265
1943  -8.39676
1944  -8.43232
1945  -7.85757
1946  -8.52868
1947  -8.23342
1948  -8.43995
1949  -8.33925
1950  -8.31111
1951  -8.00303
1952  -7.91354
1953  -7.82147
1954  -7.48627
1955  -7.62357
1956  -8.24114
1957  -8.29395
1958  -7.50649
1959  -7.75873
1960  -8.47355
1961  -7.8838
1962  -8.18327
1963  -8.07952
1964  -7.89031
1965  -7.67099
1966  -7.86532
1967  -7.78145
1968  -7.9898
1969  -7.99365
1970  -7.79664
1971  -8.12728
1972  -7.99206
1973  -7.94863
1974  -7.46819
1975  -7.84083
1976  -7.89197
1977  -7.9053
1978  -7.7232
1979  -7.7383
1980  -8.32192
1981  -7.66958
1982  -8.40753
1983  -8.23327
1984  -8.69222
1985  -8.09007
1986  -8.03994
1987  -8.24106
1988  -8.23167
1989  -8.06754
1990  -7.65802
1991  -8.40227
1992  -7.64804
1993  -7.9021
1994  -8.05989
1995  -8.37551
1996  -7.93902
1997  -7.70562
1998  -7.94616
1999  -7.76109
2000  -7.81289
2001  -8.2951
2002  -8.01183
2003  -7.90192
2004  -8.20251
2005  -8.32608
2006  -8.17224
2007  -8.25597
2008  -7.32186
2009  -8.161
2010  -7.65891
2011  -8.33243
2012  -8.49859
2013  -8.48669
2014  -8.246
2015  -8.30809
2016  -8.72938
2017  -8.99551
2018  -8.58298
2019  -8.38756
2020  -8.26692
2021  -7.44279
2022  -7.84123
2023  -7.61991
2024  -8.17924
2025  -7.76053
2026  -7.57679
2027  -7.72904
2028  -8.27996
2029  -7.95711
2030  -8.21429
2031  -7.71768
2032  -8.19907
2033  -8.44214
2034  -8.31999
2035  -8.28574
2036  -8.20365
2037  -8.68371
2038  -8.22416
2039  -8.47685
2040  -8.71559
2041  -8.56434
2042  -8.11696
2043  -8.3619
2044  -8.29525
2045  -8.61997
2046  -8.20787
2047  -8.48596
2048  -8.52698
2049  -8.16065
2050  -7.99357
2051  -8.59319
2052  -8.4558
2053  -8.88877
2054  -8.5834
2055  -8.64654
2056  -8.49482
2057  -8.8277
2058  -8.92828
2059  -8.38743
2060  -8.77895
2061  -8.12597
2062  -8.40973
2063  -8.48764
2064  -8.63059
2065  -8.89367
2066  -8.72065
2067  -8.209
2068  -8.81817
2069  -8.05277
2070  -8.91074
2071  -8.16359
2072  -8.33497
2073  -8.37142
2074  -8.24697
2075  -8.09021
2076  -8.55421
2077  -8.20674
2078  -8.21339
2079  -8.00616
2080  -8.66077
2081  -8.86526
2082  -8.65887
2083  -8.93537
2084  -9.02991
2085  -8.56552
2086  -9.14475
2087  -9.49415
2088  -9.38171
2089  -9.30458
2090  -9.04411
2091  -9.45072
2092  -9.20941
2093  -9.08334
2094  -8.6971
2095  -9.21241
2096  -8.92788
2097  -9.17339
2098  -8.8013
2099  -8.69725
2100  -8.88659
2101  -9.3417
2102  -8.56427
2103  -8.57157
2104  -8.90398
2105  -9.05013
2106  -8.6155
2107  -8.703
2108  -9.02035
2109  -9.5564
2110  -9.16662
2111  -8.9732
2112  -9.51396
2113  -9.37147
2114  -9.1234
2115  -9.08457
2116  -9.79946
2117  -9.77781
2118  -9.69459
2119  -9.07934
2120  -9.18367
2121  -9.34022
2122  -9.37679
2123  -9.23781
2124  -9.0947
2125  -8.51696
2126  -8.97131
2127  -8.82759
2128  -9.03534
2129  -8.74879
2130  -9.30357
2131  -9.57153
2132  -9.25096
2133  -9.62547
2134  -9.58166
2135  -9.33399
2136  -9.91037
2137  -9.36235
2138  -9.3671
2139  -9.95827
2140  -9.67006
2141  -9.54325
2142  -9.50778
2143  -9.6006
2144  -9.57254
2145  -9.71006
2146  -9.98062
2147  -9.49736
2148  -9.6434
2149  -9.40664
2150  -9.40982
2151  -9.59802
2152  -9.49383
2153  -9.44725
2154  -9.61606
2155  -10.1279
2156  -10.0854
2157  -9.18975
2158  -9.47603
2159  -9.10772
2160  -9.60125
2161  -9.60195
2162  -9.82901
2163  -9.55916
2164  -9.25303
2165  -9.37948
2166  -9.40295
2167  -8.43538
2168  -9.26279
2169  -9.0845
2170  -9.28126
2171  -9.89391
2172  -10.2151
2173  -10.3908
2174  -9.14383
2175  -9.33415
2176  -9.87971
2177  -9.46668
2178  -9.69745
2179  -9.30037
2180  -9.23225
2181  -9.58286
2182  -9.62294
2183  -9.72432
2184  -9.13599
2185  -9.04086
2186  -9.38707
2187  -9.45086
2188  -9.38738
2189  -8.99291
2190  -8.38125
2191  -8.72544
2192  -9.28343
2193  -9.47242
2194  -9.56618
2195  -9.52295
2196  -9.40114
2197  -9.41008
2198  -9.43557
2199  -9.14376
2200  -9.47717
2201  -9.63562
2202  -9.27665
2203  -9.11277
2204  -9.53826
2205  -9.88153
2206  -9.57308
2207  -9.26061
2208  -9.23017
2209  -8.85644
2210  -9.5832
2211  -9.14508
2212  -9.14085
2213  -9.43245
2214  -8.77394
2215  -9.10619
2216  -8.80614
2217  -9.00385
2218  -9.54532
2219  -9.42685
2220  -9.72538
2221  -9.56048
2222  -9.2893
2223  -9.61615
2224  -9.35855
2225  -9.21091
2226  -9.66902
2227  -9.2906
2228  -9.47316
2229  -9.14776
2230  -9.6978
2231  -8.92069
2232  -9.38639
2233  -8.99253
2234  -9.10597
2235  -8.56676
2236  -8.79425
2237  -9.69245
2238  -9.21617
2239  -9.07583
2240  -9.2368
2241  -8.92292
2242  -8.26272
2243  -8.7592
2244  -8.79191
2245  -9.11081
2246  -8.70398
2247  -8.86965
2248  -8.63501
2249  -8.52067
2250  -8.56424
2251  -9.14961
2252  -8.9274
2253  -8.84262
2254  -9.20233
2255  -8.78051
2256  -8.78203
2257  -8.86466
2258  -8.91853
2259  -9.03117
2260  -9.12722
2261  -9.26217
2262  -9.03364
2263  -9.05909
2264  -9.37972
2265  -9.05593
2266  -9.22519
2267  -9.09283
2268  -9.13325
2269  -8.79452
2270  -9.26388
2271  -9.18353
2272  -9.27974
2273  -9.30353
2274  -9.70823
2275  -9.75693
2276  -9.36245
2277  -9.17073
2278  -9.04114
2279  -8.7774
2280  -9.28778
2281  -8.73968
2282  -8.7309
2283  -9.05384
2284  -8.64641
2285  -8.85256
2286  -8.61153
2287  -8.58856
2288  -8.60709
2289  -8.5656
2290  -8.67566
2291  -8.72577
2292  -8.50456
2293  -8.44302
2294  -8.59959
2295  -8.33866
2296  -8.4077
2297  -7.96277
2298  -8.36233
2299  -8.31835
2300  -8.30836
2301  -8.60237
2302  -8.73488
2303  -8.84146
2304  -8.54592
2305  -8.38289
2306  -8.25925
2307  -8.87603
2308  -8.3496
2309  -8.44092
2310  -8.33583
2311  -8.56354
2312  -8.72653
2313  -8.49619
2314  -8.49287
2315  -8.40129
2316  -8.79272
2317  -8.4724
2318  -8.93723
2319  -8.6973
2320  -8.47166
2321  -8.03865
2322  -8.29602
2323  -8.5788
2324  -8.60016
2325  -8.69625
2326  -8.80226
2327  -8.37339
2328  -7.91822
2329  -8.61837
2330  -8.27126
2331  -8.11941
2332  -8.17088
2333  -8.46673
2334  -8.35258
2335  -8.31466
2336  -8.5896
2337  -8.06197
2338  -8.21992
2339  -7.93133
2340  -8.06199
2341  -8.33759
2342  -7.88971
2343  -8.03291
2344  -7.72627
2345  -8.01083
2346  -7.73986
2347  -7.5552
2348  -7.53457
2349  -7.98382
2350  -7.75115
2351  -7.88169
2352  -8.1454
2353  -7.91077
2354  -7.82554
2355  -8.21043
2356  -8.15804
2357  -7.74469
2358  -8.18498
2359  -7.95098
2360  -8.10814
2361  -7.91176
2362  -7.66309
2363  -7.85246
2364  -8.05615
2365  -8.02329
2366  -8.05735
2367  -8.14922
2368  -8.16296
2369  -8.04104
2370  -7.61864
2371  -7.85695
2372  -7.74959
2373  -7.6225
2374  -7.66611
2375  -8.02524
2376  -7.76695
2377  -7.87853
2378  -8.18883
2379  -8.21941
2380  -7.97621
2381  -8.14023
2382  -7.99385
2383  -8.12522
2384  -8.04256
2385  -8.03583
2386  -8.06063
2387  -8.35378
2388  -8.08484
2389  -7.80461
2390  -8.2618
2391  -7.52307
2392  -7.25839
2393  -7.82148
2394  -7.78996
2395  -7.84702
2396  -7.92867
2397  -8.21515
2398  -7.7231
2399  -8.33285
2400  -8.63937
2401  -8.37619
2402  -8.13226
2403  -7.98711
2404  -8.06198
2405  -8.03485
2406  -7.96914
2407  -7.62563
2408  -8.00226
2409  -8.28886
2410  -7.81618
2411  -8.15466
2412  -7.3947
2413  -7.4003
2414  -6.72695
2415  -7.86749
2416  -7.60157
2417  -8.01168
2418  -8.23924
2419  -8.01261
2420  -8.25326
2421  -7.12365
2422  -7.28735
2423  -7.53347
2424  -7.5998
2425  -8.13037
2426  -8.26332
2427  -7.54509
2428  -8.02813
2429  -7.90138
2430  -8.12186
2431  -8.1439
2432  -7.63679
2433  -8.50156
2434  -8.06324
2435  -8.35252
2436  -8.07129
2437  -7.7967
2438  -8.25285
2439  -8.67227
2440  -8.60541
2441  -8.22779
2442  -8.24806
2443  -7.8089
2444  -7.24712
2445  -7.41419
2446  -6.94109
2447  -6.8883
2448  -7.85309
2449  -7.7676
2450  -8.00786
2451  -7.37588
2452  -7.07673
2453  -6.61558
2454  -7.39261
2455  -7.79464
2456  -7.70734
2457  -7.27583
2458  -7.7622
2459  -7.33046
2460  -7.20285
2461  -7.65631
2462  -7.45439
2463  -7.59907
2464  -7.57418
2465  -7.73088
2466  -7.46754
2467  -7.17878
2468  -7.43244
2469  -6.93413
2470  -7.28861
2471  -7.45666
2472  -7.91958
2473  -7.73958
2474  -7.63139
2475  -7.87555
2476  -7.99031
2477  -7.44449
2478  -7.80854
2479  -7.84562
2480  -7.27027
2481  -6.78939
2482  -7.37985
2483  -7.45963
2484  -7.13317
2485  -7.7041
2486  -7.69308
2487  -7.72329
2488  -7.99369
2489  -7.43931
2490  -7.03669
2491  -7.42136
2492  -7.05447
2493  -6.5991
2494  -7.10984
2495  -7.27546
2496  -6.98067
2497  -7.07846
2498  -7.35763
2499  -7.02453
2500  -7.29299
2501  -8.10446
2502  -7.24061
2503  -7.60714
2504  -7.59741
2505  -7.18783
2506  -6.67873
2507  -6.97528
2508  -7.13098
2509  -6.62896
2510  -6.9434
2511  -7.05971
2512  -7.69552
2513  -7.17787
2514  -7.41196
2515  -7.54266
2516  -6.78406
2517  -7.27456
2518  -7.55374
2519  -7.32464
2520  -7.42616
2521  -6.79697
2522  -7.33263
2523  -7.4291
2524  -7.50657
2525  -7.67954
2526  -7.07677
2527  -7.69865
2528  -7.69198
2529  -7.33477
2530  -7.51372
2531  -7.60596
2532  -7.92049
2533  -7.54366
2534  -7.57491
2535  -7.69974
2536  -7.74925
2537  -7.65929
2538  -7.58757
2539  -7.72231
2540  -7.81909
2541  -7.67749
2542  -7.71115
2543  -7.26701
2544  -7.52597
2545  -7.52726
2546  -7.44701
2547  -7.29399
2548  -7.25757
2549  -7.56718
2550  -7.50962
2551  -7.5652
2552  -7.32979
2553  -7.13994
2554  -7.35319
2555  -7.24354
2556  -7.79107
2557  -7.10981
2558  -7.49427
2559  -7.30307
