0  0.15722
1  0.0850849
2  -0.0903755
3  0.00790212
4  0.0860413
5  0.0592112
6  0.0359979
7  -0.0791089
8  -0.110644
9  0.152533
10  0.16021
11  0.0326689
12  0.0837965
13  -0.0787024
14  0.0981634
15  0.128707
16  0.0685115
17  -0.123732
18  -0.117112
19  0.10334
20  -0.121038
21  0.0332475
22  0.00353331
23  -0.0586144
24  -0.0883954
25  0.159172
26  0.040211
27  0.0303666
28  -0.0613024
29  0.0900726
30  -0.0243615
31  -0.113039
32  0.188691
33  -0.216177
34  -0.125217
35  -0.0119109
36  0.224953
37  -0.0157785
38  -0.0378577
39  0.118181
40  0.229299
41  0.042788
42  -0.035183
43  -0.0585478
44  -0.186053
45  -0.0132613
46  -0.102668
47  0.158263
48  0.100027
49  -0.0540858
50  0.11548
51  0.24981
52  0.110365
53  -0.196999
54  0.0539134
55  -0.0383497
56  -0.0728259
57  -0.121391
58  -0.158576
59  0.0124317
60  -0.0177516
61  0.00762182
62  0.216451
63  0.0221688
64  0.162391
65  0.0867994
66  0.0947484
67  0.0444466
68  -0.00215349
69  0.146089
70  -0.0611576
71  0.062706
72  0.0756264
73  -0.109664
74  0.0469022
75  0.0367863
76  0.00820597
77  -0.0599908
78  -0.0328268
79  0.111198
80  0.0673783
81  -0.00443722
82  0.0930712
83  0.069225
84  -0.19126
85  -0.0487568
86  0.070353
87  -0.043427
88  0.103874
89  0.0420091
90  -0.00337097
91  -0.0387256
92  -0.120289
93  0.0374746
94  -0.117091
95  -0.0268443
96  -0.0181044
97  0.119978
98  -0.052379
99  -0.120715
100  -0.0117102
101  -0.117869
102  0.0104786
103  0.0382396
104  0.0595903
105  0.106994
106  0.114732
107  -0.0506653
108  0.0361416
109  -0.0426439
110  0.06852
111  -0.10602
112  -0.0473875
113  0.163696
114  -0.117859
115  0.0713199
116  -0.0780142
117  -0.144788
118  0.0900289
119  -0.185487
120  0.134533
121  0.0467052
122  -0.0295149
123  0.0829602
124  0.239004
125  -0.129611
126  0.167594
127  -0.0352937
128  0.0585954
129  -0.0923757
130  -0.0225381
131  0.128326
132  -0.0280353
133  -0.196402
134  -0.169816
135  -0.062257
136  -0.158668
137  -0.055135
138  -0.0891742
139  -0.0482247
140  -0.117456
141  0.181377
142  -0.0358188
143  -0.1718
144  -0.0974207
145  -0.0511889
146  -0.0589181
147  -0.233746
148  -0.0325827
149  0.214252
150  0.0208051
151  0.0141759
152  0.116431
153  0.0433162
154  -0.0379217
155  -0.00161267
156  -0.0543517
157  0.0213794
158  0.156904
159  0.096039
160  0.14559
161  0.0593603
162  0.108809
163  0.0817389
164  0.129889
165  0.021508
166  0.0777442
167  0.0912347
168  0.146536
169  0.0402322
170  -0.00723623
171  0.0325234
172  0.0894567
173  -0.0726395
174  0.0186535
175  0.125071
176  -0.061297
177  -0.14771
178  -0.155652
179  0.097686
180  0.118419
181  -0.000497794
182  0.128759
183  -0.0911404
184  0.0194539
185  -0.137581
186  0.0409347
187  -0.0574333
188  -0.0831769
189  0.0576554
190  -0.0418412
191  0.131626
192  -0.0714161
193  -0.096328
194  0.0600165
195  -0.165906
196  -0.129931
197  -0.0259135
198  -0.0254661
199  -0.186521
200  -0.14286
201  -0.0531613
202  0.100422
203  0.137968
204  -0.0526858
205  0.0774589
206  -0.145678
207  -0.13675
208  0.0083696
209  0.0517291
210  -0.0557391
211  -0.0492526
212  -0.046302
213  0.197729
214  0.0811203
215  -0.0894913
216  -0.113873
217  -0.0222395
218  0.00534939
219  0.0537712
220  0.226479
221  -0.0454441
222  0.0726699
223  0.24646
224  -0.0583126
225  -0.0846453
226  -0.00921319
227  -0.199784
228  0.069926
229  -0.0437688
230  -0.107993
231  0.0290486
232  -0.0205014
233  0.0105953
234  0.036244
235  0.0388323
236  -0.158515
237  -0.206663
238  0.00243758
239  -0.106466
240  0.118973
241  -0.0665936
242  0.0468077
243  0.0774838
244  -0.209155
245  0.149461
246  -0.0268596
247  0.0868493
248  -0.0115745
249  0.076852
250  0.202832
251  -0.0955107
252  -0.192962
253  0.0365774
254  -0.149922
255  0.110473
256  0.164427
257  -0.0924885
258  0.129956
259  0.350713
260  -0.0568305
261  -0.29191
262  -0.00104117
263  -0.0100349
264  -0.0318328
265  -0.150468
266  -0.0813267
267  -0.0855113
268  0.0897007
269  0.00246774
270  0.0265216
271  -0.0353685
272  -0.119057
273  -0.0249865
274  0.146472
275  0.269695
276  0.0601893
277  0.0830658
278  -0.17809
279  0.0759114
280  0.209602
281  0.0359876
282  0.0958015
283  -0.16916
284  0.0103038
285  -0.0803616
286  -0.0891506
287  -0.187052
288  0.0309554
289  -0.0425971
290  0.0996298
291  0.00672962
292  0.0671474
293  0.111467
294  0.0204587
295  0.0906587
296  0.0817489
297  -0.0620897
298  0.119221
299  0.11355
300  0.00949154
301  -0.18944
302  0.105802
303  0.130113
304  -0.00867966
305  0.0755215
306  0.0209669
307  -0.136381
308  0.0179662
309  -0.131727
310  -0.234642
311  -0.129712
312  0.127646
313  0.0230793
314  -0.230431
315  0.00413203
316  0.106673
317  0.0393803
318  -0.0859809
319  -0.0290129
320  -0.0536979
321  -0.141038
322  0.0922885
323  0.149235
324  0.103046
325  -0.019218
326  -0.159234
327  0.0514722
328  0.0733463
329  -0.0612323
330  0.00140349
331  -0.132916
332  0.0348278
333  0.110634
334  -0.198657
335  0.0752317
336  0.0439723
337  -0.0120317
338  -0.199818
339  0.0664175
340  0.199529
341  -0.139147
342  0.125617
343  0.081164
344  0.122214
345  0.0461519
346  -0.215058
347  -0.167495
348  -0.0668116
349  -0.0807551
350  -0.078439
351  -0.0261611
352  0.0420601
353  -0.115233
354  -0.182179
355  0.0340252
356  -0.0614329
357  -0.0847466
358  0.171414
359  0.270147
360  0.119975
361  -0.00216952
362  -0.0518197
363  0.125994
364  -0.052837
365  -0.0714522
366  -0.0521933
367  -0.1873
368  -0.241306
369  -0.0947338
370  0.0174264
371  -0.0112093
372  -0.127703
373  -0.156061
374  -0.093847
375  -0.0573725
376  -0.13911
377  -0.0661926
378  -0.0329136
379  0.157348
380  0.0734545
381  -0.0546803
382  -0.0556055
383  0.0806506
384  0.0782017
385  0.234658
386  0.1897
387  0.229254
388  0.0936631
389  0.107746
390  -0.154087
391  -0.106696
392  0.0294775
393  -0.022891
394  -0.135132
395  0.115586
396  0.0440239
397  0.0555752
398  -0.113214
399  0.0329496
400  -0.120902
401  -0.18019
402  0.00796241
403  -0.0814611
404  0.0429392
405  -0.0326009
406  -0.0275784
407  -0.070983
408  0.153842
409  0.089964
410  -0.209296
411  -0.0459926
412  -0.0479994
413  0.112467
414  0.0284173
415  -0.195463
416  0.0463026
417  -0.0203296
418  -0.189394
419  -0.136154
420  -0.23307
421  -0.328804
422  0.0638368
423  0.0177131
424  0.122608
425  -0.260207
426  -0.0519708
427  -0.264967
428  -0.120266
429  -0.124302
430  0.0295933
431  0.00937497
432  -0.0400038
433  0.10468
434  -0.178015
435  0.124853
436  0.0396966
437  -0.0477785
438  -0.109035
439  0.0440911
440  0.0480773
441  -0.261215
442  0.191323
443  0.033082
444  0.0914011
445  -0.0392901
446  -0.104321
447  -0.0688997
448  0.00415962
449  -0.0503601
450  -0.0302099
451  0.180226
452  -0.0022686
453  0.169922
454  0.189424
455  0.0951358
456  0.0585002
457  -0.0427736
458  -0.0368154
459  0.0912376
460  0.140646
461  -0.0245616
462  0.0176112
463  0.143406
464  -0.028777
465  0.0386984
466  -0.220389
467  0.00166765
468  -0.124002
469  -0.126614
470  -0.214831
471  -0.0336911
472  -0.190274
473  -0.237499
474  -0.167275
475  -0.258385
476  -0.0393983
477  -0.124846
478  -0.204793
479  -0.119237
480  -0.23757
481  -0.341749
482  -0.594499
483  -0.654732
484  -0.719318
485  -0.987648
486  -1.26923
487  -1.567
488  -1.74944
489  -2.15452
490  -2.50449
491  -2.97536
492  -3.80282
493  -5.71894
494  -9.58287
495  -19.135
496  -42.1729
497  -92.2804
498  -187.147
499  -340.514
500  -558.591
501  -819.507
502  -1086.03
503  -1328.71
504  -1523.83
505  -1664.36
506  -1751.18
507  -1791.46
508  -1795.8
509  -1775.34
510  -1739.15
511  -1690.8
512  -1630.09
513  -1554.2
514  -1461.51
515  -1355.29
516  -1243.18
517  -1131.54
518  -1025.62
519  -928.319
520  -839.426
521  -758.605
522  -685.124
523  -617.638
524  -555.071
525  -497.089
526  -443.841
527  -396.407
528  -354.371
529  -317.685
530  -285.698
531  -257.945
532  -234.122
533  -213.575
534  -195.952
535  -181.067
536  -167.95
537  -156.266
538  -145.838
539  -137.013
540  -129.176
541  -122.791
542  -117.355
543  -112.163
544  -106.63
545  -100.543
546  -94.5854
547  -89.2953
548  -84.6416
549  -81.1506
550  -78.7675
551  -76.2262
552  -73.8885
553  -72.2253
554  -70.6795
555  -69.0469
556  -67.1412
557  -65.2901
558  -63.8472
559  -62.5024
560  -61.3126
561  -59.6924
562  -57.5264
563  -55.0577
564  -52.9697
565  -51.7025
566  -50.5604
567  -49.6009
568  -48.5531
569  -47.3556
570  -46.7126
571  -46.4376
572  -46.0816
573  -45.4051
574  -44.5157
575  -43.292
576  -41.8007
577  -40.443
578  -39.249
579  -37.729
580  -36.0963
581  -34.5032
582  -33.112
583  -32.3775
584  -31.1456
585  -30.1469
586  -29.6356
587  -29.1516
588  -29.2339
589  -29.9781
590  -30.3483
591  -30.4393
592  -30.9752
593  -31.5333
594  -32.8524
595  -34.8561
596  -36.8568
597  -38.3708
598  -39.0048
599  -38.9649
600  -38.2351
601  -37.0744
602  -35.4326
603  -33.4339
604  -31.7642
605  -29.8003
606  -27.7985
607  -25.6998
608  -23.2852
609  -20.7011
610  -17.9547
611  -15.7431
612  -13.7575
613  -12.2388
614  -11.4086
615  -10.6263
616  -10.3037
617  -10.2974
618  -10.6914
619  -10.6655
620  -10.7613
621  -10.0966
622  -9.56895
623  -9.20705
624  -8.55131
625  -7.86054
626  -7.26992
627  -6.59043
628  -6.52304
629  -6.67609
630  -6.77886
631  -7.12403
632  -7.25173
633  -7.413
634  -7.81933
635  -8.44761
636  -8.7247
637  -8.58851
638  -8.50777
639  -8.08244
640  -7.76253
641  -7.37889
642  -6.90354
643  -6.54038
644  -6.2864
645  -6.19572
646  -6.47396
647  -6.82294
648  -7.39513
649  -7.8391
650  -8.4682
651  -8.79821
652  -9.13507
653  -9.33821
654  -9.47958
655  -9.31253
656  -9.35567
657  -9.41355
658  -9.41467
659  -9.18854
660  -9.10549
661  -8.89854
662  -8.71852
663  -8.91722
664  -8.82368
665  -8.9507
666  -8.80078
667  -8.99303
668  -8.89763
669  -8.7154
670  -8.51387
671  -8.20218
672  -8.02416
673  -7.87144
674  -7.84272
675  -7.44632
676  -7.27896
677  -6.99914
678  -6.89733
679  -6.79474
680  -7.06188
681  -7.00267
682  -7.01963
683  -7.18578
684  -7.19376
685  -7.10368
686  -6.96088
687  -7.05403
688  -7.22767
689  -7.28352
690  -7.4339
691  -7.97725
692  -8.97351
693  -10.2975
694  -12.4248
695  -14.5153
696  -16.3412
697  -17.8276
698  -18.9653
699  -19.6176
700  -19.772
701  -20.2728
702  -20.7415
703  -21.0649
704  -21.1536
705  -21.1516
706  -21.0615
707  -21.0876
708  -21.0873
709  -21.142
710  -21.4174
711  -22.1285
712  -22.7675
713  -23.6342
714  -24.9335
715  -25.6797
716  -25.8257
717  -25.4023
718  -23.7338
719  -21.2056
720  -17.9525
721  -14.1715
722  -10.5216
723  -6.62988
724  -2.83984
725  0.352187
726  3.16051
727  5.95228
728  8.18627
729  10.6195
730  12.8194
731  14.6178
732  15.8673
733  16.5902
734  17.4218
735  17.6557
736  17.7227
737  17.5898
738  17.6194
739  17.2346
740  16.8778
741  16.6112
742  16.0656
743  15.5262
744  14.592
745  13.6721
746  13.0447
747  12.5424
748  11.8845
749  11.1138
750  10.7609
751  10.2495
752  9.79861
753  9.47757
754  8.95155
755  8.82831
756  8.29852
757  8.00273
758  8.01328
759  7.80476
760  7.36348
761  7.12214
762  6.58739
763  6.50718
764  5.97188
765  5.90221
766  5.56591
767  5.29941
768  5.06691
769  5.04762
770  4.88742
771  5.10026
772  4.81275
773  4.70307
774  4.46075
775  4.52953
776  4.31148
777  4.15492
778  3.81939
779  3.39348
780  3.15772
781  3.17364
782  3.10096
783  3.06165
784  2.91472
785  3.14187
786  3.06573
787  2.85763
788  2.73553
789  2.67024
790  2.36079
791  2.14242
792  2.29009
793  2.44126
794  2.16291
795  2.12329
796  2.07479
797  2.03148
798  1.91948
799  2.19574
800  1.90352
801  1.87001
802  1.8525
803  1.88951
804  1.88921
805  2.05191
806  2.10557
807  1.97109
808  1.98511
809  1.98799
810  1.78177
811  1.58959
812  1.76283
813  1.69771
814  1.89083
815  1.8534
816  1.98052
817  2.20225
818  1.94262
819  2.03734
820  2.08906
821  2.28286
822  2.07626
823  2.18855
824  2.11445
825  2.0661
826  2.08594
827  1.86241
828  1.86976
829  1.90089
830  1.75753
831  1.72308
832  1.59865
833  1.3808
834  1.53701
835  1.45005
836  1.61283
837  1.55739
838  1.39544
839  1.57091
840  1.52499
841  1.3077
842  1.40434
843  1.32029
844  0.971382
845  1.13126
846  0.984528
847  0.927094
848  1.12636
849  1.04834
850  1.18475
851  1.12516
852  1.02525
853  0.863483
854  0.985524
855  1.31579
856  1.13701
857  1.277
858  1.10001
859  0.964924
860  0.975332
861  0.904473
862  0.822829
863  0.849186
864  0.520954
865  0.518378
866  0.836452
867  0.754345
868  0.593156
869  0.595375
870  0.572639
871  0.491017
872  0.686771
873  0.654519
874  0.365426
875  0.471056
876  0.649684
877  0.416271
878  0.392759
879  0.445654
880  0.369804
881  0.502555
882  0.486653
883  0.383185
884  0.391112
885  0.456954
886  0.484591
887  0.352467
888  0.350647
889  0.422841
890  0.404246
891  0.208345
892  0.13144
893  0.312889
894  0.359132
895  0.408782
896  0.245247
897  0.109592
898  0.306516
899  0.0366782
900  0.0983415
901  0.303283
902  0.205914
903  0.270303
904  0.118233
905  -0.214566
906  -0.362046
907  -0.361895
908  -0.0825086
909  -0.279395
910  -0.368194
911  -0.480419
912  -0.373885
913  -0.121147
914  -0.0786103
915  -0.123371
916  -0.173084
917  -0.290936
918  -0.0862032
919  0.0750444
920  0.0336447
921  -0.193776
922  -0.0404418
923  0.0192682
924  0.158019
925  0.147107
926  0.130241
927  0.26757
928  0.237308
929  0.249762
930  0.275116
931  0.293792
932  0.272171
933  0.278469
934  0.457848
935  0.563196
936  0.851406
937  0.77624
938  0.668006
939  0.523241
940  0.60454
941  0.391834
942  0.721807
943  0.507782
944  0.517624
945  0.367071
946  0.400468
947  0.521479
948  0.271823
949  0.31006
950  0.0796975
951  0.134388
952  -0.0475587
953  -0.258897
954  -0.18917
955  -0.258348
956  -0.346483
957  -0.490012
958  -0.338584
959  -0.349362
960  -0.479443
961  -0.174957
962  -0.344465
963  -0.428456
964  -0.509375
965  -0.38181
966  -0.418547
967  -0.40483
968  -0.565679
969  -0.324664
970  -0.528601
971  -0.284992
972  -0.295534
973  -0.40186
974  -0.529974
975  -0.354741
976  -0.595904
977  -0.408682
978  -0.516252
979  -0.51723
980  -0.372431
981  -0.841729
982  -0.535696
983  -0.487803
984  -0.657457
985  -0.554358
986  -0.366124
987  -0.554475
988  -0.50347
989  -0.507026
990  -0.676719
991  -0.608389
992  -0.458191
993  -0.476013
994  -0.354941
995  -0.396745
996  -0.446474
997  -0.403566
998  -0.307893
999  -0.419704
1000  -0.3722
1001  -0.400222
1002  -0.264858
1003  -0.307914
1004  -0.548079
1005  -0.426417
1006  -0.423396
1007  -0.539296
1008  -0.324927
1009  -0.507661
1010  -0.434225
1011  -0.185749
1012  -0.363238
1013  -0.414809
1014  -0.564013
1015  -0.509001
1016  -0.400508
1017  -0.520334
1018  -0.465008
1019  -0.509225
1020  -0.462632
1021  -0.492324
1022  -0.344356
1023  -0.573801
1024  -0.615372
1025  -0.431032
1026  -0.324841
1027  -0.478964
1028  -0.508896
1029  -0.60494
1030  -0.379252
1031  -0.432012
1032  -0.434387
1033  -0.421191
1034  -0.390349
1035  -0.0555448
1036  -0.349343
1037  -0.47292
1038  -0.568176
1039  -0.254007
1040  -0.637014
1041  -0.445926
1042  -0.386173
1043  -0.344148
1044  -0.28596
1045  -0.37096
1046  -0.0716819
1047  -0.17215
1048  -0.481871
1049  -0.162919
1050  -0.470475
1051  -0.277393
1052  -0.340325
1053  -0.387623
1054  -0.245344
1055  -0.394579
1056  -0.320536
1057  -0.336194
1058  -0.145754
1059  -0.30761
1060  -0.0502034
1061  -0.0222283
1062  -0.236382
1063  -0.0692084
1064  -0.175682
1065  -0.124838
1066  -0.379347
1067  -0.217183
1068  -0.319738
1069  -0.232683
1070  -0.251484
1071  -0.308011
1072  -0.367702
1073  -0.279757
1074  -0.275665
1075  -0.255047
1076  -0.366831
1077  -0.260438
1078  -0.354171
1079  -0.110129
1080  -0.20715
1081  -0.261469
1082  -0.447094
1083  -0.390856
1084  -0.3069
1085  -0.296807
1086  -0.517276
1087  -0.430868
1088  -0.392255
1089  -0.542922
1090  -0.401449
1091  -0.179044
1092  -0.498806
1093  -0.207588
1094  -0.253322
1095  -0.316422
1096  -0.203406
1097  -0.301436
1098  -0.233725
1099  -0.252531
1100  -0.286978
1101  -0.363182
1102  -0.189128
1103  -0.163014
1104  -0.336035
1105  -0.174359
1106  -0.204518
1107  -0.123795
1108  -0.262063
1109  -0.474958
1110  -0.46762
1111  -0.399691
1112  -0.447491
1113  -0.338325
1114  -0.331134
1115  -0.395176
1116  -0.205101
1117  -0.23784
1118  -0.292877
1119  -0.671913
1120  -0.411884
1121  -0.414678
1122  -0.493182
1123  -0.321985
1124  -0.285042
1125  -0.41332
1126  -0.484386
1127  -0.275833
1128  -0.431487
1129  -0.367673
1130  -0.457994
1131  -0.356722
1132  -0.356792
1133  -0.276745
1134  -0.360041
1135  -0.134806
1136  -0.360311
1137  -0.403855
1138  -0.541119
1139  -0.26324
1140  -0.295126
1141  -0.340089
1142  -0.38207
1143  -0.433103
1144  -0.227053
1145  -0.299799
1146  -0.330401
1147  -0.126949
1148  -0.240248
1149  -0.457628
1150  -0.519257
1151  -0.198745
1152  -0.420149
1153  -0.295989
1154  -0.415788
1155  -0.298089
1156  -0.275452
1157  -0.19047
1158  -0.208968
1159  -0.516854
1160  -0.336504
1161  -0.10904
1162  -0.468164
1163  -0.309526
1164  -0.152853
1165  -0.335267
1166  -0.390117
1167  -0.474315
1168  -0.270337
1169  -0.441631
1170  -0.445769
1171  -0.28588
1172  -0.385773
1173  -0.581006
1174  -0.489356
1175  -0.586423
1176  -0.610832
1177  -0.782407
1178  -0.664408
1179  -0.586571
1180  -0.657966
1181  -0.624984
1182  -0.72185
1183  -0.616224
1184  -0.548421
1185  -0.599033
1186  -0.613436
1187  -0.713043
1188  -0.492043
1189  -0.490298
1190  -0.723876
1191  -0.301794
1192  -0.407114
1193  -0.528967
1194  -0.513579
1195  -0.419244
1196  -0.455849
1197  -0.389593
1198  -0.412211
1199  -0.309861
1200  -0.304255
1201  -0.449356
1202  -0.309431
1203  -0.485642
1204  -0.417642
1205  -0.331299
1206  -0.372813
1207  -0.629952
1208  -0.463122
1209  -0.451496
1210  -0.726047
1211  -0.420157
1212  -0.467667
1213  -0.452849
1214  -0.384678
1215  -0.490413
1216  -0.315693
1217  -0.447717
1218  -0.37882
1219  -0.417362
1220  -0.464416
1221  -0.562355
1222  -0.65142
1223  -0.355844
1224  -0.377366
1225  -0.551894
1226  -0.551027
1227  -0.481172
1228  -0.463585
1229  -0.427623
1230  -0.457061
1231  -0.493538
1232  -0.440563
1233  -0.4663
1234  -0.674998
1235  -0.445643
1236  -0.79944
1237  -0.759734
1238  -0.686046
1239  -0.6271
1240  -0.693545
1241  -0.711732
1242  -0.62743
1243  -0.728116
1244  -0.641668
1245  -0.768843
1246  -0.671411
1247  -0.596107
1248  -0.599036
1249  -0.640785
1250  -0.629666
1251  -0.633112
1252  -0.751468
1253  -0.65884
1254  -0.619325
1255  -0.938927
1256  -0.975339
1257  -0.774973
1258  -0.677878
1259  -0.635631
1260  -0.590755
1261  -0.982105
1262  -0.675937
1263  -0.604947
1264  -0.745059
1265  -0.73237
1266  -0.697565
1267  -0.696523
1268  -0.633126
1269  -0.809034
1270  -0.759566
1271  -1.02032
1272  -0.691345
1273  -0.8959
1274  -0.771078
1275  -0.869639
1276  -1.02685
1277  -0.83277
1278  -0.953926
1279  -1.04069
1280  -0.925093
1281  -0.802669
1282  -1.03139
1283  -0.885383
1284  -1.06584
1285  -0.878844
1286  -0.876608
1287  -0.974692
1288  -1.12067
1289  -1.00013
1290  -0.904438
1291  -0.836734
1292  -0.945694
1293  -0.780788
1294  -0.874974
1295  -0.937495
1296  -0.969703
1297  -0.939399
1298  -0.727083
1299  -0.831497
1300  -0.955667
1301  -0.983555
1302  -0.790939
1303  -0.791386
1304  -0.949358
1305  -0.839479
1306  -1.01728
1307  -0.926
1308  -0.761372
1309  -0.855241
1310  -0.735006
1311  -0.768187
1312  -1.04284
1313  -0.727313
1314  -0.890674
1315  -0.80192
1316  -0.836822
1317  -0.936518
1318  -0.51813
1319  -0.51772
1320  -0.722709
1321  -0.681308
1322  -1.05105
1323  -0.873794
1324  -0.627426
1325  -0.872196
1326  -0.88258
1327  -0.929091
1328  -0.716486
1329  -0.768195
1330  -0.895037
1331  -0.862131
1332  -0.751734
1333  -0.950723
1334  -0.849472
1335  -0.841802
1336  -0.982556
1337  -1.19061
1338  -1.16133
1339  -0.871084
1340  -1.03781
1341  -1.18167
1342  -1.21319
1343  -1.1257
1344  -1.00791
1345  -1.13646
1346  -1.13208
1347  -1.07761
1348  -1.2419
1349  -1.30779
1350  -1.40346
1351  -1.1385
1352  -1.01591
1353  -1.15219
1354  -1.34099
1355  -1.24365
1356  -1.16438
1357  -1.30065
1358  -1.4349
1359  -1.24122
1360  -1.47279
1361  -1.31827
1362  -1.15814
1363  -1.36599
1364  -1.16425
1365  -1.2125
1366  -1.17826
1367  -1.4495
1368  -1.45551
1369  -1.29431
1370  -1.21019
1371  -1.3678
1372  -1.60936
1373  -1.2294
1374  -1.49691
1375  -1.3857
1376  -1.30563
1377  -1.31893
1378  -1.3891
1379  -1.29223
1380  -1.37163
1381  -1.42258
1382  -1.32277
1383  -1.17001
1384  -1.28
1385  -1.29102
1386  -1.1977
1387  -1.24401
1388  -1.43572
1389  -1.41914
1390  -1.15461
1391  -1.36092
1392  -1.11612
1393  -1.22145
1394  -1.15031
1395  -1.11121
1396  -1.14827
1397  -1.16935
1398  -1.2159
1399  -0.946895
