1  0.203786
2  0.196302
3  0.146714
4  0.0730239
5  -0.320963
6  -0.0322594
7  -0.10655
8  -0.0960987
9  0.109154
10  0.227468
11  -0.21253
12  0.349329
13  0.217983
14  -0.0293141
15  0.367257
16  0.147504
17  0.0411542
18  0.0590805
19  0.0521066
20  0.0185619
21  -0.214742
22  0.239412
23  0.0879277
24  0.0823686
25  -0.0190991
26  0.257543
27  -0.0797673
28  -0.0857895
29  0.0366324
30  0.197006
31  -0.0318106
32  -0.0422854
33  0.00535385
34  0.256539
35  0.297656
36  -0.0467945
37  -0.0182022
38  -0.0363856
39  0.00536319
40  -0.221146
41  0.202753
42  0.214634
43  -0.201478
44  -0.107122
45  0.0771635
46  -0.234984
47  -0.0235616
48  0.00468101
49  0.184961
50  -0.220232
51  -0.0853378
52  -0.135218
53  -0.0196882
54  0.136357
55  -0.163617
56  -0.0785163
57  -0.0873111
58  0.00154683
59  -0.169465
60  -0.154892
61  0.211847
62  0.0641497
63  0.0659843
64  -0.214226
65  -0.152914
66  -0.110543
67  0.104128
68  -0.050695
69  0.254077
70  -0.0154326
71  0.0105823
72  -0.0471644
73  -0.0326995
74  0.035363
75  -0.239332
76  -0.109536
77  -0.273446
78  -0.0166713
79  -0.0710096
80  -0.0916788
81  -0.290727
82  -0.111447
83  -0.356677
84  0.0691805
85  0.0170254
86  -0.316293
87  -0.181677
88  0.10381
89  0.324631
90  -0.0406122
91  0.0339381
92  0.0973099
93  0.0535561
94  0.229279
95  0.0918812
96  0.0858313
97  0.0588441
98  0.0767139
99  -0.230621
100  -0.223719
101  0.0567458
102  0.0127502
103  -0.00808591
104  0.12724
105  0.16244
106  0.302709
107  0.167319
108  -0.0226548
109  -0.00663804
110  0.0523206
111  -0.0143529
112  -0.328579
113  -0.289165
114  -0.212416
115  0.0658386
116  -0.118521
117  0.0642327
118  0.111241
119  0.00719439
120  0.0100506
121  0.0419018
122  -0.233999
123  -0.0816946
124  0.200728
125  0.0827674
126  -0.0963506
127  0.206188
128  0.32062
129  -0.0400334
130  -0.0213469
131  0.0838825
132  -0.0934268
133  -0.135514
134  0.11392
135  0.0412332
136  0.117435
137  -0.169824
138  -0.0923872
139  -0.005435
140  0.242826
141  0.0325016
142  -0.0859692
143  -0.0336163
144  0.21328
145  0.184572
146  -0.00168878
147  0.0813503
148  0.179628
149  -0.0466337
150  0.0427819
151  -0.156546
152  0.0539539
153  -0.0640987
154  0.0149609
155  -0.386596
156  0.0720592
157  0.243753
158  0.000294695
159  0.0117764
160  -0.173679
161  0.0760634
162  0.0650289
163  -0.160124
164  0.115124
165  0.0375947
166  0.210654
167  -0.0620981
168  -0.0362755
169  0.0698257
170  -0.29817
171  0.073886
172  0.0210152
173  -0.0384746
174  -0.379047
175  -0.00783179
176  0.196441
177  0.118358
178  -0.229708
179  0.0770455
180  -0.00486006
181  0.118362
182  -0.107795
183  -0.311955
184  -0.249099
185  0.305649
186  0.073113
187  0.0996378
188  0.123677
189  0.00555711
190  -0.0625287
191  0.366545
192  0.0467597
193  0.0504484
194  0.219813
195  -0.156623
196  0.00517902
197  -0.104435
198  0.124725
199  -0.194446
200  -0.329464
201  -0.148837
202  0.0667591
203  0.0582043
204  0.175903
205  0.160025
206  0.144135
207  0.0643527
208  -0.0786202
209  -0.00832954
210  -0.221642
211  -0.260131
212  -0.264795
213  0.112874
214  -0.103307
215  -0.217858
216  -0.0918638
217  0.166737
218  0.0879576
219  0.0569068
220  -0.165635
221  -0.212034
222  0.000451023
223  -0.00225225
224  0.174947
225  0.201336
226  0.229747
227  -0.0637948
228  0.157097
229  -0.0433258
230  -0.000924933
231  0.184907
232  -0.0413889
233  -0.260501
234  -0.0385967
235  -0.0753056
236  -0.123082
237  -0.133646
238  0.052936
239  -0.143572
240  -0.239126
241  0.0443398
242  -0.393601
243  -0.429417
244  -0.409138
245  -0.477638
246  -0.88027
247  -0.997755
248  -1.179
249  -1.78326
250  -2.91499
251  -5.83762
252  -13.4579
253  -31.9909
254  -75.7182
255  -163.848
256  -313.237
257  -530.784
258  -795.139
259  -1066.09
260  -1310.91
261  -1504.22
262  -1634.92
263  -1705.97
264  -1727.18
265  -1710.66
266  -1669.01
267  -1611.27
268  -1542.78
269  -1464.15
270  -1374.17
271  -1272.32
272  -1161.78
273  -1047.88
274  -937.931
275  -836.718
276  -745.183
277  -663.663
278  -590.649
279  -525.276
280  -466.873
281  -415.389
282  -369.037
283  -328.205
284  -291.99
285  -260.446
286  -233.219
287  -209.882
288  -189.612
289  -171.908
290  -157.204
291  -144.871
292  -134.582
293  -126.047
294  -118.01
295  -111.082
296  -105.114
297  -100.452
298  -97.2602
299  -94.3762
300  -92.5707
301  -89.4055
302  -85.379
303  -81.5026
304  -78.1925
305  -75.1718
306  -72.8414
307  -70.7204
308  -69.0455
309  -67.5734
310  -66.2362
311  -64.8263
312  -63.4103
313  -62.0668
314  -60.7071
315  -59.8423
316  -58.2021
317  -55.865
318  -53.5814
319  -50.5195
320  -47.957
321  -45.4314
322  -43.2464
323  -41.9803
324  -40.4295
325  -39.1582
326  -38.1506
327  -37.5088
328  -36.6985
329  -36.0432
330  -35.7757
331  -35.3443
332  -34.5009
333  -33.6847
334  -32.9605
335  -32.3684
336  -30.6765
337  -30.0238
338  -29.1664
339  -28.3089
340  -27.6754
341  -27.782
342  -28.0242
343  -28.0609
344  -28.5188
345  -29.0376
346  -29.0394
347  -29.2824
348  -28.845
349  -28.2755
350  -27.0341
351  -25.8563
352  -24.9574
353  -23.9307
354  -22.7806
355  -22.0235
356  -21.6266
357  -21.6546
358  -22.2645
359  -22.7718
360  -24.3057
361  -26.523
362  -29.3492
363  -31.9262
364  -33.9426
365  -34.1976
366  -34.1813
367  -33.4077
368  -32.0547
369  -30.5676
370  -28.8262
371  -27.5463
372  -26.7158
373  -25.3398
374  -24.4092
375  -23.1313
376  -21.9603
377  -20.2525
378  -19.1495
379  -17.6453
380  -16.2439
381  -14.5741
382  -13.7322
383  -12.7112
384  -11.8868
385  -11.3703
386  -10.4352
387  -9.68798
388  -8.94761
389  -8.44183
390  -7.73973
391  -7.52064
392  -6.71445
393  -6.69722
394  -6.38398
395  -6.6165
396  -6.93691
397  -7.11722
398  -6.63724
399  -6.47828
400  -5.85387
401  -5.20712
402  -4.64371
403  -4.47662
404  -4.06171
405  -4.53538
406  -5.35796
407  -5.82311
408  -6.20503
409  -6.35621
410  -6.38027
411  -6.18883
412  -5.12692
413  -4.59232
414  -4.31654
415  -4.24142
416  -4.27552
417  -4.36211
418  -4.62706
419  -5.17848
420  -5.65294
421  -6.39558
422  -6.6181
423  -7.20198
424  -7.53359
425  -7.48663
426  -7.97774
427  -7.89845
428  -8.28699
429  -8
430  -7.8227
431  -8.00405
432  -7.6038
433  -7.26824
434  -6.83237
435  -6.58434
436  -6.30046
437  -5.98989
438  -5.5893
439  -5.55332
440  -5.28588
441  -5.1157
442  -4.96633
443  -4.38053
444  -3.92894
445  -3.64203
446  -3.41872
447  -3.18015
448  -2.95695
449  -3.14446
450  -3.18187
451  -2.9214
452  -3.44758
453  -3.63295
454  -4.19787
455  -5.03394
456  -5.88053
457  -6.15064
458  -6.61797
459  -6.57357
460  -6.23783
461  -5.92692
462  -5.19724
463  -5.19665
464  -4.81863
465  -5.05881
466  -5.91937
467  -7.14522
468  -9.69158
469  -13.0218
470  -17.0811
471  -21.4171
472  -26.16
473  -30.34
474  -34.3823
475  -36.9841
476  -39.5719
477  -41.1922
478  -41.8427
479  -42.2194
480  -42.2519
481  -41.4424
482  -41.3453
483  -40.5355
484  -39.7782
485  -38.5373
486  -37.2793
487  -35.9717
488  -34.7688
489  -33.1972
490  -31.0278
491  -28.3531
492  -25.1675
493  -21.1327
494  -16.5875
495  -11.6949
496  -6.84947
497  -2.16809
498  1.96942
499  5.85655
500  8.42685
501  11.26
502  13.5371
503  15.1199
504  17.061
505  18.1555
506  18.5095
507  19.0151
508  18.9464
509  19.0239
510  18.7185
511  17.837
512  17.1806
513  16.6733
514  15.7698
515  15.2425
516  14.4464
517  13.4222
518  12.4686
519  11.7531
520  10.9654
521  10.337
522  9.40706
523  9.13623
524  8.42073
525  7.88474
526  7.66112
527  7.37342
528  6.79217
529  6.63283
530  6.36961
531  6.11466
532  5.87573
533  5.7512
534  5.43379
535  5.04254
536  5.17574
537  4.98173
538  4.52087
539  4.74105
540  4.67061
541  4.49377
542  4.44131
543  4.49905
544  4.18238
545  4.74256
546  4.39451
547  4.21447
548  4.26159
549  3.94714
550  4.05784
551  3.90757
552  3.66275
553  3.45311
554  3.62296
555  3.27962
556  3.73346
557  3.529
558  3.15372
559  2.81424
560  2.96059
561  2.73741
562  2.75348
563  2.61643
564  2.34523
565  2.55552
566  2.29199
567  2.31049
568  2.4483
569  2.14105
570  2.33897
571  1.8989
572  1.88531
573  2.19903
574  1.72429
575  1.79004
576  1.7894
577  1.66086
578  1.76768
579  1.46293
580  1.59752
581  1.22225
582  1.5385
583  1.54873
584  1.5595
585  1.57129
586  1.75992
587  1.6441
588  1.53
589  1.75052
590  1.54627
591  1.46041
592  1.48099
593  1.59761
594  1.9775
595  1.62125
596  1.55984
597  1.48281
598  2.03316
599  1.76083
600  1.83039
601  2.01547
602  2.38165
603  1.95083
604  2.03927
605  1.91847
606  1.69849
607  1.70552
608  1.67317
609  1.79167
610  1.57897
611  1.42994
612  1.58696
613  1.6489
614  1.49725
615  1.63717
616  1.53
617  1.24802
618  1.13934
619  1.35665
620  1.33683
621  1.32
622  1.11249
623  1.18125
624  1.26288
625  1.24687
626  0.713863
627  1.05268
628  0.959082
629  0.819662
630  0.949777
631  0.622234
632  0.644796
633  0.266849
634  0.304895
635  0.392578
636  0.367722
637  0.523751
638  0.710282
639  0.327907
640  0.495291
641  0.508186
642  0.425834
643  0.26608
644  0.463118
645  0.452731
646  0.543215
647  0.316425
648  0.543158
649  0.504154
650  0.304966
651  0.113396
652  0.228285
653  0.0679615
654  0.19691
655  0.585734
656  0.506614
657  0.712798
658  0.986443
659  0.554233
660  0.502203
661  0.611694
662  0.496252
663  0.950923
664  0.685613
665  0.599823
666  0.532793
667  0.566785
668  0.823237
669  0.385047
670  0.221494
671  0.52625
672  0.163359
673  0.133413
674  0.420136
675  0.175091
676  0.307964
677  0.114114
678  0.127954
679  0.343776
680  0.137045
681  -0.296687
682  -0.0695826
683  -0.209129
684  -0.298044
685  -0.300887
686  -0.713833
687  -0.343161
688  -0.796537
689  -1.14789
690  -1.08018
691  -0.992932
692  -0.848987
693  -1.11439
694  -1.028
695  -0.999521
696  -1.02842
697  -0.986762
698  -1.1509
699  -0.971033
700  -0.747806
701  -0.875934
702  -1.06816
703  -0.84756
704  -0.644925
705  -0.602349
706  -0.645417
707  -0.364312
708  0.0270454
709  -0.0372097
710  0.164516
711  0.0227224
712  0.266825
713  0.619943
714  0.679552
715  0.83009
716  0.721971
717  0.763697
718  1.00427
719  0.960599
720  0.977316
721  0.95199
722  0.946024
723  1.30946
724  1.04991
725  1.10718
726  1.37085
727  1.41841
728  1.41115
729  1.2115
730  1.19566
731  1.14934
732  0.809395
733  0.590971
734  0.731732
735  0.697677
736  0.758205
737  0.602648
738  0.490144
739  0.199443
740  0.384996
741  0.443331
742  0.144544
743  -0.00503201
744  -0.0357797
745  0.222869
746  0.357331
747  -0.0696423
748  0.0942833
749  0.0908451
750  0.0223912
751  0.0418625
752  0.0221384
753  0.169247
754  0.00712402
755  -0.0132599
756  0.255262
757  -0.209446
758  0.14268
759  -0.0711298
760  -0.2095
761  0.0794789
762  0.437473
763  0.104539
764  0.0598639
765  0.217027
766  -0.0690349
767  -0.0955787
768  -0.0134789
769  -0.378916
770  -0.123538
771  0.134005
772  -0.352256
773  -0.177177
774  -0.317401
775  -0.0713281
776  -0.163036
777  -0.509653
778  -0.106813
779  -0.38604
780  -0.375672
781  -0.157057
782  0.136554
783  -0.319469
784  -0.110529
785  -0.427602
786  -0.486206
787  -0.596841
788  -0.725171
789  -0.630746
790  -0.619077
791  -0.622156
792  -0.695221
793  -0.214844
794  -0.463643
795  -0.305481
796  -0.140575
797  -0.584201
798  -0.571919
799  -0.255864
800  -0.0945465
801  -0.211972
802  -0.0490778
803  -0.362449
804  -0.0429813
805  -0.0213339
806  -0.15237
807  -0.233544
808  -0.308534
809  -0.0722136
810  -0.119731
811  -0.651822
812  -0.0420318
813  -0.0528565
814  0.00111217
815  -0.0672629
816  -0.0975113
817  0.058111
818  0.00992134
819  -0.193191
820  0.234988
821  -0.249918
822  -0.143003
823  -0.037434
824  -0.328623
825  -0.322721
826  -0.39496
827  -0.0611753
828  -0.0826142
829  0.127176
830  -0.0911225
831  -0.134841
832  -0.247609
833  -0.367498
834  0.0235148
835  0.190028
836  -0.0146385
837  -0.290371
838  -0.0630213
839  -0.0672506
840  -0.173641
841  0.016845
842  0.0176915
843  -0.0673695
844  0.108452
845  0.0164231
846  0.113925
847  -0.028679
848  0.440344
849  -0.169464
850  0.00435114
851  0.213778
852  -0.435171
853  -0.0445608
854  0.0911951
855  -0.0795082
856  -0.0775511
857  -0.0705422
858  0.207478
859  0.203871
860  -0.170483
861  -0.240463
862  -0.154945
863  -0.201383
864  0.0351302
865  -0.00757747
866  0.0916751
867  -0.281091
868  -0.320253
869  -0.118073
870  -0.195079
871  -0.515493
872  -0.127226
873  -0.193635
874  -0.345305
875  -0.137594
876  -0.264301
877  -0.089825
878  0.160685
879  -0.172768
880  -0.0331348
881  -0.0456463
882  -0.0146236
883  0.171695
884  -0.280688
885  0.0482336
886  -0.0820336
887  -0.0965847
888  -0.162207
889  0.0309553
890  0.0416382
891  -0.152816
892  -0.0754789
893  0.0106355
894  -0.143214
895  0.0330955
896  0.209096
897  0.280039
898  0.136221
899  -0.191792
900  -0.0463283
901  -0.0740093
902  -0.114831
903  0.068741
904  -0.0805137
905  -0.233253
906  -0.55023
907  -0.424186
908  0.175797
909  -0.116437
910  -0.401372
911  0.0975505
912  -0.122663
913  -0.0249897
914  -0.0532822
915  -0.117855
916  -0.131946
917  0.293865
918  0.0434745
919  -0.0469053
920  -0.0778007
921  0.0924254
922  0.152401
923  0.112301
924  -0.425811
925  0.0514553
926  -0.319823
927  -0.118811
928  -0.129806
929  -0.00143211
930  -0.114256
931  -0.320942
932  -0.217648
933  -0.189368
934  -0.0233282
935  -0.470429
936  -0.271504
937  0.202976
938  -0.249172
939  -0.218484
940  -0.220124
941  -0.293342
942  -0.211104
943  -0.0995857
944  -0.0607583
945  -0.204869
946  -0.209435
947  -0.0274138
948  -0.203777
949  -0.42214
950  -0.344852
951  -0.277914
952  -0.262302
953  -0.157698
954  -0.226405
955  -0.123831
956  -0.292119
957  -0.314843
958  -0.256831
959  -0.568361
960  -0.32342
961  -0.47693
962  -0.323472
963  -0.346345
964  -0.496424
965  -0.587065
966  -0.702887
967  -0.68056
968  -0.600168
969  -0.743031
970  -0.717902
971  -0.58495
972  -0.612253
973  -0.680119
974  -0.683181
975  -0.614892
976  -0.935503
977  -0.547556
978  -0.466081
979  -0.669258
980  -0.608913
981  -0.659534
982  -0.499937
983  -0.0873891
984  -0.70358
985  -0.857527
986  -0.70418
987  -0.447856
988  -0.617518
989  -0.474321
990  -0.36561
991  -0.69661
992  -0.737755
993  -1.03679
994  -0.650167
995  -1.02701
996  -0.890635
997  -0.799307
998  -0.519443
999  -0.686664
1000  -0.955963
1001  -0.866256
1002  -0.771723
1003  -0.840339
1004  -0.9038
1005  -0.819038
1006  -1.18092
1007  -0.590908
1008  -0.745765
1009  -0.78645
1010  -0.917847
1011  -0.721331
1012  -0.697703
1013  -0.879328
1014  -0.948931
1015  -0.807324
1016  -0.828697
1017  -0.672622
1018  -1.05109
1019  -1.10245
1020  -0.830041
1021  -1.05949
1022  -1.30562
1023  -1.25425
1024  -1.11144
1025  -1.19188
1026  -1.04274
1027  -1.05201
1028  -1.23523
1029  -1.29145
1030  -1.30444
1031  -1.18761
1032  -0.97314
1033  -1.18478
1034  -1.14751
1035  -0.919359
1036  -1.09633
1037  -1.08633
1038  -0.64022
1039  -0.730465
1040  -0.855477
1041  -0.999564
1042  -0.925751
1043  -1.10136
1044  -1.04787
1045  -1.18639
1046  -1.05617
1047  -1.22306
1048  -1.11731
1049  -0.88802
1050  -1.26494
1051  -1.05868
1052  -0.993558
1053  -1.0555
1054  -0.842137
1055  -1.06925
1056  -0.772392
1057  -0.713665
1058  -1.17235
1059  -1.12935
1060  -1.04389
1061  -0.679147
1062  -1.06797
1063  -0.782186
1064  -0.895824
1065  -0.908054
1066  -0.505046
1067  -0.849366
1068  -0.819515
1069  -0.802136
1070  -1.04409
1071  -0.52875
1072  -0.811349
1073  -0.949072
1074  -0.694002
1075  -0.713478
1076  -0.704316
1077  -0.579649
1078  -0.636937
1079  -0.723315
1080  -0.677748
1081  -1.06917
1082  -0.850658
1083  -0.608874
1084  -0.904919
1085  -0.842632
1086  -0.707588
1087  -0.691323
1088  -0.984483
1089  -0.847883
1090  -0.919509
1091  -1.02284
1092  -1.06689
1093  -1.09606
1094  -1.16266
1095  -1.01309
1096  -0.929962
1097  -0.850597
1098  -1.1948
1099  -1.08258
1100  -0.75575
1101  -1.0289
1102  -1.16305
1103  -1.23683
1104  -1.41183
1105  -1.20564
1106  -1.15008
1107  -1.16907
1108  -1.4505
1109  -1.40855
1110  -1.29056
1111  -1.12211
1112  -1.23617
1113  -1.62638
1114  -1.3337
1115  -1.55827
1116  -1.34503
1117  -1.69554
1118  -1.76125
1119  -1.30428
1120  -1.59341
1121  -1.4504
1122  -1.33286
1123  -1.35594
1124  -1.42942
1125  -1.51878
1126  -1.54535
1127  -1.47145
1128  -1.05057
1129  -1.34792
1130  -1.33571
1131  -1.11121
1132  -1.34743
1133  -1.3004
1134  -1.00696
1135  -1.22277
1136  -1.05561
1137  -0.991257
1138  -1.25063
1139  -1.05121
1140  -1.0572
1141  -0.836781
1142  -0.955787
1143  -0.480497
1144  -0.758339
1145  -0.879615
1146  -0.644881
1147  -0.808554
1148  -0.650299
1149  -0.618583
1150  -0.433605
1151  -0.378479
1152  -0.533464
1153  -0.569848
1154  -0.439958
1155  -0.699996
1156  -0.656764
1157  -0.710952
1158  -0.524224
1159  -0.479586
1160  -0.436633
1161  -0.3782
1162  -0.271619
1163  -0.386124
1164  -0.24843
1165  -0.606725
1166  -0.385128
1167  -0.457186
1168  -0.595387
1169  -0.521951
1170  -0.307041
1171  -0.311355
1172  -0.507265
1173  -0.442209
1174  -0.566756
1175  -0.323709
1176  -0.470708
1177  -0.218807
1178  -0.302065
1179  -0.40491
1180  -0.366238
1181  -0.543578
1182  -0.234996
1183  -0.425194
1184  -0.460984
1185  -0.566286
1186  -0.418237
1187  -0.414477
1188  -0.743403
1189  -0.586928
1190  -0.3784
1191  -0.479732
1192  -0.465899
1193  -0.344232
1194  -0.3895
1195  -0.27283
1196  -0.529842
1197  -0.766634
1198  -0.347538
1199  -0.157007
1200  -0.273605
1201  -0.451528
1202  -0.548087
1203  -0.501061
1204  -0.797952
1205  -0.628229
1206  -0.681126
1207  -0.571164
1208  -0.561491
1209  -0.570315
1210  -0.818325
1211  -0.735164
1212  -0.610515
1213  -0.732716
1214  -0.763961
1215  -0.593582
1216  -0.501889
1217  -0.508752
1218  -0.527565
1219  -0.277355
1220  -0.510739
1221  -0.252308
1222  -0.70658
1223  -0.466159
1224  -0.449988
1225  -0.379783
1226  -0.287012
1227  -0.0655946
1228  -0.492624
1229  -0.251871
1230  -0.202783
1231  -0.416365
1232  -0.303118
1233  -0.295299
1234  -0.153235
1235  -0.398005
1236  -0.569076
1237  -0.348662
1238  -0.47355
1239  -0.112319
1240  -0.284061
1241  -0.409594
1242  -0.241226
1243  -0.557194
1244  -0.458125
1245  -0.324625
1246  -0.517605
1247  -0.419949
1248  -0.501553
1249  -0.320168
1250  -0.157532
1251  -0.300961
1252  -0.255841
1253  -0.291599
1254  -0.59874
1255  -0.610679
1256  -0.641754
