0  -0.0373466
1  0.057386
2  -0.187035
3  0.185275
4  -0.112787
5  0.259718
6  0.257505
7  0.116992
8  -0.0144508
9  0.0909333
10  -0.264266
11  0.0572887
12  -0.229716
13  -0.378282
14  0.145933
15  0.509091
16  -0.013161
17  0.0783767
18  -0.0412386
19  0.124842
20  -0.548521
21  -0.111971
22  0.112298
23  0.160627
24  -0.292512
25  -0.264045
26  -0.265068
27  -0.0930244
28  0.145159
29  -0.0952366
30  -0.05021
31  -0.114411
32  0.310934
33  0.439089
34  0.388209
35  -0.0529743
36  -0.113182
37  -0.348646
38  -0.272143
39  -0.110729
40  -0.0134303
41  0.0046536
42  -0.279773
43  -0.0681398
44  0.18479
45  -0.585966
46  -0.129143
47  0.297471
48  0.0648735
49  -0.16001
50  0.0788255
51  0.473876
52  0.124053
53  0.0463196
54  -0.0235055
55  0.0313554
56  0.201285
57  -0.255123
58  0.392528
59  0.610017
60  -0.0914938
61  -0.148589
62  0.151286
63  -0.020358
64  -0.246305
65  -0.23446
66  0.00860385
67  -0.132442
68  -0.0687639
69  0.133253
70  -0.0805467
71  -0.126084
72  0.0643992
73  -0.101461
74  0.276019
75  0.113234
76  0.132927
77  0.0775642
78  -0.189805
79  0.00526839
80  -0.412021
81  0.210886
82  0.162315
83  -0.252119
84  0.0755636
85  0.184449
86  -0.0902508
87  -0.208154
88  -0.0842588
89  -0.109572
90  0.126645
91  -0.0398972
92  0.00794425
93  0.369357
94  -0.106397
95  0.289728
96  -0.135635
97  0.355844
98  -0.0221382
99  -0.308238
100  0.142434
101  0.280422
102  0.0264126
103  0.250124
104  0.217367
105  -0.38892
106  -0.41281
107  -0.0709278
108  0.199166
109  -0.345017
110  0.239901
111  0.164347
112  -0.133747
113  0.127265
114  0.0787082
115  0.0843221
116  0.126617
117  0.324489
118  0.107387
119  0.027734
120  0.0638474
121  0.166432
122  0.231864
123  0.161638
124  -0.223489
125  -0.162385
126  -0.184547
127  0.21784
128  -0.159263
129  -0.181229
130  0.169665
131  0.388931
132  0.168622
133  -0.00261014
134  0.00919078
135  0.431132
136  -0.287625
137  0.286393
138  0.168357
139  -0.284547
140  -0.694874
141  0.0907828
142  0.195496
143  0.1293
144  0.0778975
145  0.124832
146  0.210066
147  0.268991
148  0.321798
149  0.207467
150  0.100105
151  0.290213
152  0.308474
153  0.0276992
154  -0.310607
155  0.176848
156  0.109609
157  -0.250858
158  -0.26878
159  0.0339705
160  -0.587791
161  -0.0711465
162  -0.2561
163  0.0957593
164  0.0602598
165  -0.232118
166  0.308142
167  -0.0822747
168  0.375628
169  0.619263
170  -0.280342
171  0.0594918
172  -0.346235
173  -0.242944
174  -0.334466
175  0.00341917
176  -0.350135
177  0.0985593
178  -0.366949
179  -0.0396025
180  0.199016
181  0.195285
182  0.344598
183  0.163904
184  0.0277271
185  -0.228756
186  0.00453429
187  0.0858766
188  -0.00993566
189  0.212989
190  -0.0411715
191  -0.297845
192  -0.12397
193  -0.282236
194  -0.144006
195  0.0576625
196  0.083686
197  -0.414804
198  -0.203064
199  0.153594
200  -0.16707
201  -0.109152
202  0.216905
203  0.464451
204  0.0583436
205  -0.300028
206  -0.16766
207  -0.135545
208  -0.25163
209  -0.0212985
210  0.216985
211  -0.0931997
212  -0.0209491
213  -0.0717631
214  -0.0139321
215  -0.114241
216  -0.288315
217  -0.12535
218  0.556109
219  0.188336
220  0.265114
221  -0.0668877
222  0.247976
223  -0.285861
224  -0.289221
225  -0.178523
226  0.176347
227  -0.0327851
228  -0.137826
229  -0.204203
230  0.0359439
231  -0.162393
232  -0.109582
233  0.0373086
234  0.032875
235  -0.244422
236  -0.0163471
237  0.274848
238  0.0915103
239  -0.060758
240  -0.268635
241  -0.338388
242  0.0152993
243  -0.106724
244  -0.274106
245  0.0207309
246  -0.216538
247  -0.0798218
248  -0.0279472
249  -0.159176
250  -0.439656
251  -0.378883
252  -0.419436
253  0.0596287
254  -0.228163
255  -0.203259
256  0.0271549
257  0.341316
258  0.179645
259  -0.126098
260  -0.132451
261  -0.217973
262  0.105602
263  0.09655
264  0.180636
265  0.578981
266  0.195849
267  0.302732
268  0.393784
269  -0.238614
270  -0.182044
271  0.195268
272  0.0413752
273  -0.387723
274  -0.0816469
275  0.110013
276  0.15035
277  -0.0459151
278  0.296833
279  0.476074
280  0.281636
281  0.245478
282  -0.119928
283  -0.020045
284  0.178202
285  -0.104302
286  0.270836
287  -0.0544072
288  -0.370809
289  -0.11223
290  0.339434
291  -0.513963
292  0.120124
293  -0.0486923
294  -0.00200188
295  -0.115571
296  -0.170297
297  -0.113834
298  -0.53996
299  -0.157717
300  0.0263293
301  0.185552
302  0.394873
303  0.315351
304  0.138335
305  -0.0406823
306  0.22923
307  -0.129189
308  0.157948
309  0.128387
310  0.110106
311  0.0829064
312  0.15845
313  -0.167336
314  -0.243911
315  -0.198381
316  0.113115
317  -0.159358
318  0.0438619
319  0.670012
320  -0.0313616
321  0.0361271
322  0.0485118
323  0.125398
324  -0.0139504
325  -0.0484256
326  0.0541533
327  -0.0718615
328  0.195472
329  0.145657
330  0.14502
331  0.144767
332  -0.010022
333  -0.18462
334  -0.257318
335  -0.184698
336  0.419291
337  -0.00704438
338  -0.0651535
339  -0.167002
340  -0.0351726
341  0.0885221
342  -0.169956
343  -0.433281
344  -0.332112
345  0.0569215
346  -0.170656
347  -0.228543
348  -0.0178943
349  -0.115809
350  0.00718203
351  -0.185018
352  -0.355136
353  0.0115398
354  -0.262436
355  -0.160348
356  -0.26143
357  -0.264172
358  0.42495
359  0.400643
360  -0.0911044
361  -0.224249
362  0.253654
363  0.294388
364  0.163676
365  -0.187819
366  0.228772
367  -0.0354701
368  0.0635652
369  0.377413
370  0.0401521
371  0.449276
372  -0.047773
373  0.153185
374  0.134463
375  0.187686
376  -0.0771321
377  0.0440215
378  -0.0919967
379  0.320625
380  0.247036
381  0.0580051
382  -0.126048
383  -0.128556
384  -0.376397
385  0.183977
386  -0.0165323
387  -0.226238
388  0.0173526
389  0.406062
390  -0.513902
391  -0.301503
392  -0.208742
393  -0.22293
394  0.0192193
395  0.0814796
396  -0.0406508
397  0.0478295
398  0.191427
399  -0.0876812
400  0.185453
401  0.268684
402  0.395798
403  0.339929
404  -0.0675315
405  -0.264134
406  -0.398508
407  -0.0048934
408  0.276753
409  0.14561
410  0.108308
411  0.157763
412  0.199186
413  0.169507
414  0.263634
415  0.305991
416  0.0620492
417  -0.00986493
418  0.148469
419  0.128958
420  0.0487165
421  0.170626
422  0.350022
423  0.270853
424  0.308885
425  -0.273976
426  0.0960027
427  0.122192
428  0.205115
429  0.181945
430  0.191564
431  0.227345
432  -0.0124259
433  -0.0559277
434  -0.0637466
435  -0.220462
436  0.0956823
437  -0.409399
438  -0.0769146
439  -0.0648478
440  -0.0242693
441  0.0878555
442  -0.0604736
443  0.292126
444  -0.369399
445  -0.00257154
446  0.268037
447  0.0667281
448  0.175357
449  0.249111
450  0.328915
451  -0.127597
452  -0.583661
453  0.17657
454  -0.210982
455  -0.181209
456  -0.0692553
457  0.13777
458  -0.399935
459  -0.142348
460  0.0572003
461  0.129842
462  0.0102428
463  0.104049
464  0.211173
465  0.172969
466  0.132455
467  -0.23464
468  -0.592717
469  -0.0477633
470  -0.00903117
471  -0.195855
472  -0.0826406
473  -0.095222
474  -0.205012
475  -0.21773
476  -0.00909201
477  -0.182192
478  -0.440171
479  -0.397749
480  -0.00201787
481  0.194491
482  -0.16004
483  -0.363939
484  -0.106985
485  -0.217998
486  -0.371535
487  -0.53338
488  -0.388586
489  -0.0303057
490  -0.421294
491  -0.614742
492  -1.09932
493  -1.2616
494  -2.73192
495  -5.94778
496  -14.3173
497  -33.3449
498  -72.0179
499  -136.118
500  -233.331
501  -351.445
502  -471.877
503  -582.311
504  -668.176
505  -724.342
506  -751.303
507  -754.666
508  -742.501
509  -719.518
510  -689.69
511  -656.31
512  -619.659
513  -578.848
514  -533.395
515  -484.224
516  -433.525
517  -384.299
518  -339.492
519  -299.507
520  -264.724
521  -233.971
522  -206.387
523  -182.686
524  -161.168
525  -142.28
526  -125.02
527  -110.77
528  -97.8096
529  -86.6584
530  -76.8017
531  -69.039
532  -61.8785
533  -55.8163
534  -50.6488
535  -45.0795
536  -40.4285
537  -35.8726
538  -31.323
539  -27.3558
540  -24.186
541  -21.7178
542  -19.7014
543  -17.9521
544  -15.8632
545  -14.3092
546  -11.992
547  -10.0714
548  -8.88098
549  -8.05027
550  -7.67637
551  -7.12649
552  -7.1467
553  -7.03602
554  -6.45251
555  -6.29191
556  -6.9568
557  -6.74015
558  -6.77471
559  -6.60905
560  -6.23317
561  -6.15375
562  -5.13662
563  -4.14058
564  -3.9718
565  -3.95268
566  -3.15862
567  -3.40904
568  -3.00501
569  -3.13727
570  -3.28722
571  -3.32907
572  -3.43362
573  -3.32463
574  -3.31362
575  -3.32881
576  -3.06413
577  -2.82798
578  -2.74528
579  -2.5145
580  -2.0275
581  -1.78405
582  -2.17735
583  -1.82093
584  -1.80137
585  -1.98692
586  -2.06885
587  -2.38794
588  -3.28822
589  -2.98675
590  -3.22922
591  -3.29746
592  -3.24102
593  -2.98343
594  -2.18924
595  -2.30039
596  -1.74166
597  -1.29247
598  -1.14462
599  -1.29713
600  -1.38507
601  -1.32125
602  -1.41636
603  -1.59124
604  -1.41484
605  -1.36665
606  -1.00879
607  -1.13593
608  -1.15651
609  -0.822606
610  -1.11444
611  -0.86535
612  -0.871429
613  -0.96585
614  -0.372895
615  -0.875608
616  -0.710636
617  -0.736465
618  -0.944417
619  -1.2959
620  -1.33905
621  -1.45511
622  -1.70659
623  -1.50493
624  -1.84051
625  -1.54865
626  -1.28814
627  -1.36611
628  -0.965908
629  -0.9158
630  -0.954698
631  -0.716732
632  -1.03616
633  -1.24308
634  -1.37532
635  -1.17762
636  -1.05092
637  -1.40665
638  -0.978484
639  -1.21879
640  -0.909264
641  -1.01618
642  -0.935243
643  -0.722615
644  -0.112538
645  -0.11489
646  -0.372593
647  -0.279327
648  -0.385673
649  -0.268068
650  -0.403129
651  -0.822559
652  -0.935984
653  -0.944381
654  -1.32512
655  -1.22288
656  -0.92563
657  -1.15328
658  -0.68548
659  -0.77888
660  -1.08718
661  -0.439797
662  -1.07542
663  -0.762055
664  -0.509104
665  -0.97385
666  -1.19102
667  -1.08346
668  -1.6392
669  -0.944458
670  -1.53952
671  -1.48167
672  -1.09296
673  -1.15006
674  -0.980391
675  -0.911575
676  -0.833096
677  -0.45075
678  -0.365631
679  -0.607268
680  -0.53545
681  -1.0671
682  -0.599055
683  -1.15536
684  -1.0687
685  -1.44526
686  -0.93765
687  -1.09285
688  -0.436851
689  -0.955054
690  -0.868126
691  -1.14373
692  -0.607888
693  -0.902975
694  -1.02778
695  -0.7601
696  -0.712674
697  -0.867176
698  -0.913987
699  -1.26641
700  -0.918092
701  -1.19408
702  -1.06365
703  -1.2655
704  -1.25049
705  -0.660843
706  -0.886868
707  -0.784277
708  -0.732269
709  -0.547057
710  -0.383027
711  0.114958
712  -0.339874
713  -0.391718
714  -0.14313
715  -0.607062
716  -0.665114
717  -0.437125
718  -0.327601
719  -0.65307
720  -0.153412
721  0.0913582
722  -0.145757
723  -0.0518971
724  -0.077788
725  0.0538484
726  -0.000470434
727  -0.218064
728  -0.584013
729  -0.78918
730  -0.102753
731  -0.0842525
732  -0.456601
733  -0.582751
734  -0.552727
735  -0.314705
736  -0.117396
737  -0.112739
738  -0.18074
739  -0.415214
740  -0.259582
741  -0.0635346
742  -0.218532
743  0.0146221
744  -0.208702
745  -0.08651
746  -0.185722
747  -0.191453
748  -0.369109
749  -0.501635
750  -0.176726
751  -0.182677
752  -0.275432
753  -0.409583
754  -0.704876
755  -0.706871
756  -0.100763
757  -0.141695
758  -0.295977
759  -0.183488
760  -0.444609
761  -0.28739
762  -0.124234
763  -0.146417
764  -0.574508
765  -0.313678
766  -0.198586
767  -0.2233
768  -0.619037
769  -0.0909624
770  -0.275751
771  0.0613124
772  -0.141846
773  -0.388451
774  0.104073
775  -0.039007
776  -0.364881
777  -0.233472
778  -0.385873
779  -0.10312
780  -0.41893
781  -0.398155
782  -0.183472
783  -0.0565774
784  0.0263388
785  -0.161809
786  -0.2499
787  -0.113892
788  0.0351379
789  -0.147706
790  0.133834
791  0.309168
792  0.118235
793  0.500289
794  0.137819
795  0.273057
796  -0.258198
797  0.107127
798  -0.218903
799  -0.491312
800  -0.16344
801  -0.00497329
802  -0.336166
803  -0.522549
804  0.0835365
805  -0.3679
806  -0.613266
807  -0.450049
808  -0.0126966
809  0.271272
810  0.0676054
811  -0.269627
812  -0.172241
813  -0.462387
814  0.32953
815  0.112602
816  -0.198756
817  -0.324234
818  -0.2227
819  -0.00845464
820  0.290793
821  -0.0865786
822  -0.33782
823  -0.287871
824  -0.25346
825  -0.395672
826  -0.293761
827  -0.132381
828  -0.208986
829  -0.149802
830  -0.311334
831  0.220046
832  -0.442882
833  -0.373553
834  0.0295791
835  -0.23439
836  -0.418813
837  0.200521
838  0.44963
839  0.186411
840  -0.133433
841  -0.204124
842  0.230771
843  0.190004
844  -0.308138
845  -0.365226
846  -0.18193
847  0.0357148
848  0.0156345
849  0.0329393
850  -0.203684
851  -0.144219
852  -0.329601
853  -0.372745
854  -0.366261
855  -0.461735
856  0.122963
857  -0.117174
858  -0.17495
859  0.176825
860  -0.00467172
861  -0.416531
862  -0.178856
863  -0.175843
864  0.138183
865  0.225822
866  -0.11155
867  -0.421559
868  -0.0250141
869  -0.390743
870  -0.0946824
871  -0.489556
872  -0.40843
873  -0.42829
874  -0.196921
875  -0.335995
876  -0.503013
877  -0.305147
878  -0.00706172
879  0.183916
880  -0.550442
881  -0.302417
882  0.0600337
883  -0.129604
884  -0.0779567
885  -0.125007
886  0.171086
887  0.205629
888  -0.120097
889  -0.274809
890  0.145352
891  -0.241779
892  0.144688
893  -0.0119675
894  0.0194339
895  0.012451
896  0.42896
897  0.00598926
898  -0.286213
899  -0.16839
900  -0.266508
901  -0.202509
902  -0.118196
903  -0.297486
904  -0.105486
905  -0.349539
906  -0.253468
907  -0.485973
908  -0.401852
909  -0.119741
910  -0.335251
911  -0.155139
912  -0.469158
913  -0.262716
914  0.182139
915  0.0666978
916  0.310827
917  -0.326212
918  -0.364411
919  -0.166201
920  -0.365556
921  -0.451151
922  -0.113904
923  -0.131532
924  -0.157253
925  -0.230151
926  -0.0606209
927  -0.284266
928  -0.450893
929  -0.71509
930  -0.121457
931  0.0381416
932  0.194117
933  0.0583352
934  -0.670633
935  -0.395134
936  -0.0984402
937  -0.43083
938  -0.369196
939  -0.0530693
940  -0.666204
941  -0.369018
942  -0.162758
943  -0.405055
944  -0.252857
945  -0.2186
946  -0.105243
947  -0.698689
948  -0.75276
949  -0.209414
950  -0.300167
951  0.0177534
952  0.0283385
953  -0.379028
954  -0.3004
955  -0.460976
956  -0.566468
957  -0.495413
958  -0.376578
959  0.00600258
960  -0.529869
961  -0.463792
962  -0.255311
963  -0.216514
964  -0.387363
965  -0.135514
966  -0.360788
967  -0.274123
968  -0.396337
969  -0.0932916
970  0.0310275
971  -0.0257063
972  0.0258455
973  -0.222858
974  -0.149939
975  -0.413518
976  -0.115929
977  0.0762582
978  -0.608917
979  -0.235779
980  -0.137977
981  -0.459985
982  -0.0356735
983  0.215955
984  -0.0990047
985  -0.0711701
986  -0.257877
987  -0.0593636
988  -0.178924
989  -0.538175
990  -0.109493
991  0.131438
992  0.0134423
993  -0.187719
994  -0.0830097
995  0.171742
996  -0.401486
997  -0.14789
998  -0.602627
999  -0.379763
1000  -0.088575
1001  -0.224373
1002  -0.568967
1003  -0.608853
1004  -0.373511
1005  -0.517456
1006  -0.514837
1007  -0.16796
1008  -0.389269
1009  -0.305939
1010  0.0413844
1011  -0.131764
1012  0.182955
1013  -0.684962
1014  -0.0985292
1015  0.210546
1016  -0.362675
1017  -0.362753
1018  -0.35292
1019  -0.0157107
1020  -0.229947
1021  -0.17965
1022  0.364414
1023  -0.17045
1024  0.0329969
1025  0.12003
1026  -0.101545
1027  -0.453797
1028  -0.133793
1029  -0.20741
1030  -0.198372
1031  -0.146622
1032  -0.363213
1033  -0.521469
1034  -0.065235
1035  0.0741411
1036  -0.364875
1037  -0.385636
1038  0.0551298
1039  -0.0594343
1040  -0.256897
1041  -0.528259
1042  -0.414779
1043  -0.428118
1044  -0.384282
1045  -0.0362222
1046  -0.273176
1047  -0.0585239
1048  -0.186648
1049  -0.331072
1050  -0.36415
1051  0.0765959
1052  -0.103255
1053  -0.0824921
1054  -0.153211
1055  -0.597976
1056  -0.474908
1057  -0.40759
1058  -0.354553
1059  0.145132
1060  -0.0317596
1061  -0.0255816
1062  -0.333001
1063  -0.0898094
1064  -0.633866
1065  -0.540618
1066  -0.609744
1067  -0.113581
1068  0.0467869
1069  0.303198
1070  0.0634961
1071  -0.0605889
1072  0.0143598
1073  -0.326164
1074  -0.261195
1075  -0.0400062
1076  -0.388153
1077  -0.428569
1078  -0.151389
1079  -0.293611
1080  0.0784514
1081  -0.0413697
1082  -0.0833624
1083  -0.238591
1084  -0.566143
1085  -0.350829
1086  -0.238256
1087  0.116835
1088  0.201343
1089  0.0828237
1090  -0.112957
1091  -0.152376
1092  0.0397063
1093  -0.149019
1094  0.0345684
1095  -0.0659188
1096  0.0294546
1097  0.205256
1098  0.197266
1099  0.0697422
1100  -0.0512033
1101  -0.0314086
1102  0.282593
1103  0.250282
1104  0.0664954
1105  0.202812
1106  -0.0168038
1107  0.228954
1108  -0.243716
1109  -0.214185
1110  -0.129265
1111  0.201041
1112  -0.184005
1113  0.0366329
1114  -0.14514
1115  0.303086
1116  -0.295938
1117  0.134416
1118  0.0730076
1119  -0.589009
1120  -0.0811511
1121  0.287086
1122  0.00132529
1123  0.113572
1124  -0.374327
1125  -0.0583833
1126  -0.0711579
1127  -0.224889
1128  -0.0308414
1129  -0.459066
1130  -0.0799237
1131  -0.240685
1132  -0.108119
1133  -0.404645
1134  -0.57529
1135  -0.262898
1136  0.189257
1137  0.255474
1138  -0.105261
1139  -0.289681
1140  0.0191599
1141  -0.0435533
1142  0.127688
1143  0.08349
1144  0.0602754
1145  0.133139
1146  -0.294562
1147  -0.380629
1148  -0.257959
1149  -0.0230981
1150  0.107833
1151  -0.352681
1152  0.143932
1153  0.0306046
1154  -0.113042
1155  -0.339135
1156  -0.119812
1157  -0.0895137
1158  -0.52566
1159  -0.335655
1160  -0.367579
1161  0.248698
1162  0.258233
1163  0.0375849
1164  0.247689
1165  0.08207
1166  0.654646
1167  -0.0795553
1168  -0.031258
1169  -0.244063
1170  -0.168449
1171  0.0574258
1172  0.241677
1173  5.92888e-05
1174  0.283729
1175  0.166893
1176  -0.0160565
1177  -0.235392
1178  0.0171072
1179  -0.14576
1180  0.0759895
1181  0.00740735
1182  -0.0859333
1183  -0.0649035
1184  -0.399604
1185  -0.00310882
1186  -0.439408
1187  -0.276633
1188  -0.310643
1189  -0.690482
1190  -0.0474064
1191  0.138138
1192  -0.181301
1193  -0.260077
1194  0.0033717
1195  -0.276318
1196  0.101978
1197  0.0922346
1198  0.201969
1199  -0.191874
1200  -0.172914
1201  -0.125959
1202  -0.470002
1203  -0.154445
1204  -0.277215
1205  -0.149411
1206  -0.190319
1207  -0.347289
1208  -0.658447
1209  -0.430267
1210  -0.316741
1211  -0.622377
1212  -0.616181
1213  -0.0209747
1214  -0.106156
1215  -0.223044
1216  -0.357265
1217  -0.036885
1218  -0.18575
1219  -0.0886593
1220  -0.0717616
1221  -0.138954
1222  -0.16728
1223  -0.292771
1224  -0.1143
1225  0.0124207
1226  -0.370138
1227  -0.15039
1228  -0.147353
1229  -0.0906186
1230  -0.351215
1231  -0.0567791
1232  -0.378182
1233  -0.354238
1234  0.208611
1235  -0.160848
1236  -0.674528
1237  -0.23703
1238  -0.130263
1239  -0.149404
1240  -0.0483929
1241  -0.310737
1242  -0.201641
1243  -0.156244
1244  -0.498245
1245  0.1297
1246  -0.142599
1247  -0.242477
1248  -0.294218
1249  0.00070812
1250  0.247183
1251  -0.266213
1252  -0.346428
1253  0.0385556
1254  -0.164172
1255  -0.12229
1256  -0.157312
1257  -0.53549
1258  0.14859
1259  -0.155548
1260  -0.214385
1261  -0.127616
1262  -0.45785
1263  0.00388242
1264  -0.190367
1265  -0.253958
1266  -0.000890582
1267  -0.417761
1268  -0.386815
1269  -0.20907
1270  -0.387479
1271  -0.397361
1272  -0.290819
1273  -1.04467
1274  -0.745916
1275  -0.575014
1276  -0.827394
1277  -0.399861
1278  -0.348881
1279  -0.541879
1280  -0.46732
1281  -0.574531
1282  -0.608978
1283  -0.443857
1284  -0.602706
1285  -0.659816
1286  -0.567317
1287  -0.348903
1288  -0.665952
1289  -0.864782
1290  -0.83848
1291  -0.326602
1292  -0.564425
1293  -0.498278
1294  -0.657771
1295  -0.341681
1296  0.321177
1297  -0.339165
1298  -0.515168
1299  -1.14074
1300  -0.535508
1301  -0.554618
1302  -0.656659
1303  -0.429122
1304  -0.516399
1305  -0.219777
1306  -0.952705
1307  -0.661639
1308  -0.196861
1309  -0.622317
1310  -0.449524
1311  -0.313596
1312  -0.618343
1313  -0.502685
1314  -0.978147
1315  -0.328813
1316  -0.598807
1317  -0.472321
1318  -0.394094
1319  0.0241942
1320  -0.374888
1321  -0.480532
1322  -0.399275
1323  -0.389486
1324  -0.0299222
1325  -0.438543
1326  -0.302133
1327  0.0767984
1328  -0.501755
1329  -0.446193
1330  -0.429067
1331  -0.468767
1332  -0.430138
1333  -0.254317
1334  -0.419124
1335  -0.127458
1336  0.0535452
1337  -0.293855
1338  -0.43442
1339  -0.513375
1340  -0.0151366
1341  -0.407276
1342  -0.34622
1343  -0.449431
1344  -0.568284
1345  -0.262963
1346  -0.00849728
1347  -0.263186
1348  -0.456097
1349  -0.37789
1350  -0.129832
1351  -0.491186
1352  -0.39253
1353  -0.17905
1354  -0.487631
1355  -0.451179
1356  -0.496788
1357  -0.689386
1358  -0.273415
1359  -0.0565792
1360  0.0243199
1361  -0.369599
1362  -0.471968
1363  -0.296766
1364  0.0842907
1365  -0.378263
1366  -0.247742
1367  -0.250855
1368  -0.789702
1369  -0.768149
1370  -0.165751
1371  -0.617004
1372  -0.501894
1373  -0.844575
1374  -0.330718
1375  -0.445408
1376  -0.46179
1377  -0.797506
1378  -0.546308
1379  -0.345008
1380  -0.74717
1381  -0.539929
1382  -0.544379
1383  -0.727451
1384  -0.634007
1385  -0.18856
1386  -0.872104
1387  -0.948298
1388  -0.43267
1389  -0.229336
1390  -0.589136
1391  -0.451132
1392  -0.70969
1393  -0.373757
1394  -0.145902
1395  -0.254951
1396  -0.3612
1397  -0.143446
1398  -0.460332
1399  -0.025666
1400  0.0737503
1401  -0.690373
1402  -0.089461
1403  -0.0380032
1404  -0.0765086
1405  0.159059
1406  -0.172438
1407  -0.332325
1408  -0.201732
1409  -0.224605
1410  0.077117
1411  -0.245434
1412  -0.321512
1413  -0.443741
1414  0.0698769
1415  -0.359692
1416  -0.482366
1417  0.339339
1418  0.134608
1419  0.0692217
1420  -0.193483
1421  0.0166369
1422  0.47358
1423  -0.44427
1424  -0.60826
1425  0.139159
1426  -0.117556
1427  -0.409549
1428  -0.141698
1429  -0.0923239
1430  -0.205782
1431  -0.372543
1432  -0.363067
1433  -0.555703
1434  -0.159804
1435  -0.552206
1436  -0.149641
1437  -0.20969
1438  0.155986
1439  -0.491807
1440  -0.26238
1441  0.290287
1442  -0.06425
1443  0.213929
1444  -0.0615619
1445  -0.332483
1446  -0.245951
1447  0.0596867
1448  -0.451206
1449  -0.591578
1450  -0.182773
1451  -0.137303
1452  -0.198213
1453  0.0724735
1454  -0.646417
1455  -0.548234
1456  -0.327215
1457  -0.0957912
1458  -0.408984
1459  -0.208146
1460  -0.0940479
1461  -0.0324663
1462  -0.308219
1463  -0.409608
1464  0.0204677
1465  -0.000114043
1466  -0.169702
1467  -0.19799
1468  -0.670779
1469  -0.205691
1470  -0.449367
1471  -0.762906
1472  -0.168779
1473  -0.0979527
1474  -0.280796
1475  -0.330091
1476  -0.583107
1477  -0.452128
1478  -0.202196
1479  -0.582237
1480  -0.272466
1481  -0.136775
1482  -0.0284287
1483  0.139879
1484  0.0947388
1485  0.382949
1486  -0.00445065
1487  0.0781381
1488  -0.188328
1489  -0.182926
1490  -0.0603898
1491  0.0378964
1492  -0.120054
1493  -0.200989
1494  0.26893
1495  0.12734
1496  0.319415
1497  -0.118548
1498  -0.238089
1499  -0.230019
