0  -0.10191
1  0.293025
2  -0.107497
3  -0.118334
4  -0.0239956
5  -0.00202635
6  -0.189583
7  -0.0168046
8  -0.184402
9  -0.0330569
10  -0.491041
11  -0.20229
12  -0.208063
13  -0.484655
14  -0.2732
15  -0.274456
16  -0.337646
17  0.0941176
18  -0.0641833
19  -0.0196852
20  -0.0594906
21  0.322924
22  -0.182472
23  0.149929
24  0.0926285
25  -0.318585
26  -0.184505
27  -0.0402247
28  0.26981
29  -0.11415
30  0.0530139
31  0.0282066
32  -0.107909
33  -0.380007
34  0.198585
35  0.187587
36  -0.24968
37  -0.130534
38  0.274752
39  0.00686814
40  0.316823
41  0.366934
42  -0.0922948
43  0.0481779
44  -0.353217
45  0.085471
46  -0.206645
47  -0.241562
48  -0.236313
49  -0.0915346
50  -0.26809
51  -0.0353649
52  0.2481
53  0.0265299
54  -0.302864
55  -0.0233973
56  -0.267176
57  -0.211527
58  -0.11796
59  -0.155846
60  0.0513466
61  0.167071
62  0.104857
63  -0.100634
64  -0.183301
65  -0.160013
66  -0.0581858
67  0.0667688
68  0.269253
69  -0.000318266
70  0.197563
71  0.0443354
72  0.218343
73  0.0255157
74  0.0888616
75  -0.172866
76  -0.0717781
77  0.0163927
78  0.256538
79  -0.139316
80  -0.274673
81  -0.180422
82  -0.0209795
83  -0.508643
84  0.0347342
85  0.164116
86  -0.133235
87  -0.421475
88  0.113928
89  0.503842
90  0.298004
91  0.0303075
92  0.202468
93  -0.0997302
94  0.365449
95  0.0597795
96  0.216312
97  0.357022
98  -0.0790316
99  -0.0665744
100  -0.10611
101  -0.110863
102  -0.0688339
103  0.200977
104  0.17529
105  0.139692
106  0.134433
107  -0.0589241
108  0.0451214
109  -0.221245
110  -0.0525979
111  0.391486
112  0.236221
113  0.037116
114  0.237067
115  0.0668083
116  -0.395661
117  0.00720139
118  0.0334125
119  0.233696
120  0.171114
121  0.0236796
122  0.401766
123  0.13291
124  -0.0768997
125  -0.184175
126  -0.0288518
127  -0.191806
128  -0.122179
129  0.151989
130  0.156383
131  0.0883213
132  0.190104
133  0.0105261
134  -0.182339
135  0.140767
136  -0.104266
137  0.342224
138  -0.160907
139  0.00292022
140  -0.230192
141  0.0199224
142  0.103373
143  -0.333214
144  0.118426
145  0.105554
146  0.0281471
147  -0.142822
148  -0.116903
149  -0.266306
150  0.151795
151  0.093252
152  -0.00194821
153  0.155114
154  0.168372
155  -0.205507
156  -0.0352681
157  0.0562461
158  0.0688902
159  0.209336
160  0.0830477
161  -0.107
162  0.0146297
163  0.685032
164  0.541066
165  0.0621683
166  -0.104059
167  0.103602
168  0.140971
169  0.0451004
170  0.183786
171  0.155201
172  0.0967325
173  0.231557
174  0.254551
175  0.00485734
176  0.304622
177  0.0793581
178  0.0764244
179  0.0835629
180  -0.0663681
181  -0.390615
182  0.118386
183  0.142226
184  0.181583
185  0.213595
186  0.274438
187  -0.0212386
188  0.055374
189  0.146479
190  -0.271403
191  0.186209
192  0.0941066
193  0.0352009
194  0.179959
195  -0.290512
196  0.077884
197  0.00495328
198  -0.149697
199  0.276897
200  0.205686
201  -0.157178
202  -0.330699
203  -0.091953
204  -0.2377
205  0.284835
206  0.231192
207  0.141899
208  0.111789
209  -0.144529
210  -0.16759
211  0.179544
212  0.198677
213  0.110997
214  -0.274233
215  0.0346727
216  -0.0978092
217  -0.150837
218  0.0221959
219  0.156812
220  -0.0899186
221  -0.143887
222  -0.272489
223  -0.0514304
224  0.187402
225  -0.0230402
226  -0.148377
227  0.0719829
228  0.291365
229  0.0277407
230  -0.179948
231  0.251909
232  0.378798
233  0.210142
234  0.493391
235  -0.0599618
236  -0.0224248
237  -0.112655
238  0.132438
239  0.0737073
240  0.270004
241  0.379329
242  -0.0922555
243  -0.286318
244  0.105279
245  -0.136548
246  -0.310175
247  -0.0650024
248  0.259862
249  0.397276
250  -0.0897668
251  0.0734627
252  0.11072
253  -0.251587
254  0.158883
255  -0.0364572
256  -0.317201
257  -0.0175048
258  0.0653821
259  -0.149022
260  -0.116808
261  -0.212633
262  -0.0465075
263  0.374658
264  -0.0915475
265  -0.228053
266  0.169506
267  0.113644
268  -0.110271
269  -0.319421
270  0.0110955
271  -0.382694
272  0.031264
273  0.255762
274  0.0918354
275  -0.149513
276  -0.00964087
277  -0.448765
278  -0.129627
279  0.320703
280  0.0166517
281  0.380053
282  -0.164671
283  -0.166096
284  -0.0460902
285  0.256034
286  0.247578
287  -0.157673
288  0.217823
289  0.0622145
290  -0.16888
291  -0.252246
292  0.0529954
293  -0.0663855
294  0.146096
295  0.234594
296  -0.0145603
297  0.122761
298  0.484177
299  0.270129
300  -0.045635
301  -0.153106
302  -0.156928
303  0.0871596
304  0.284497
305  -0.0704591
306  -0.138518
307  0.0908991
308  -0.156286
309  -0.0424694
310  -0.416634
311  -0.47175
312  -0.206757
313  -0.290103
314  -0.162201
315  0.0249369
316  -0.141224
317  0.031652
318  -0.0639106
319  0.0151615
320  -0.0842531
321  -0.203738
322  -0.469712
323  -0.0433429
324  0.272737
325  0.216999
326  0.21637
327  -0.269204
328  -0.189851
329  -0.308447
330  -0.375505
331  -0.187627
332  -0.0263957
333  0.0268157
334  -0.012161
335  -0.131579
336  -0.0219903
337  0.336707
338  0.146221
339  0.099185
340  -0.0666569
341  -0.323738
342  0.140308
343  -0.108833
344  0.0127997
345  -0.171426
346  0.0906748
347  0.169032
348  0.369313
349  -0.0322473
350  0.0155711
351  -0.0963414
352  -0.162964
353  -0.340306
354  -0.12001
355  -0.240896
356  0.139033
357  0.114566
358  0.188752
359  0.204508
360  -0.239694
361  0.0159754
362  -0.194696
363  0.235049
364  0.0084555
365  -0.212665
366  -0.236838
367  0.180431
368  0.092011
369  -0.230069
370  0.00407664
371  -0.240841
372  -0.0872931
373  0.224425
374  0.144238
375  0.381645
376  -0.125245
377  0.061584
378  -0.318909
379  -0.0531436
380  0.00393951
381  0.192322
382  0.339385
383  -0.0896217
384  -0.177398
385  0.0571359
386  0.250048
387  -0.354033
388  -0.184416
389  0.109309
390  0.138323
391  0.102782
392  0.00330419
393  0.130028
394  -0.173302
395  0.0200211
396  0.116515
397  0.391086
398  0.211687
399  -0.200273
400  0.0569605
401  -0.122223
402  -0.271469
403  -0.125409
404  -0.246929
405  -0.295094
406  -0.0460638
407  -0.197197
408  0.0371794
409  -0.257017
410  -0.411111
411  0.110639
412  0.128743
413  -0.256918
414  -0.019862
415  0.146916
416  -0.242162
417  -0.00399601
418  0.138863
419  0.18762
420  -0.109221
421  -0.219646
422  -0.220519
423  -0.0367064
424  -0.221144
425  -0.0565567
426  -0.0794936
427  -0.128413
428  0.00723894
429  -0.0654466
430  0.019272
431  0.0179542
432  -0.28842
433  0.077049
434  -0.321217
435  -0.0770049
436  -0.250871
437  -0.242509
438  -0.268386
439  -0.329631
440  -0.0648934
441  -0.0661212
442  -0.0696165
443  -0.072319
444  0.118406
445  -0.166196
446  -0.502577
447  -0.306426
448  0.312868
449  -0.338596
450  -0.200862
451  -0.304153
452  -0.247958
453  -0.0159414
454  -0.0891737
455  -0.42716
456  -0.413313
457  0.0901853
458  -0.212027
459  -0.0409997
460  -0.00369929
461  0.0801419
462  0.247934
463  -0.143416
464  -0.114744
465  -0.137487
466  -0.390557
467  -0.585761
468  0.121239
469  -0.248499
470  -0.50349
471  -0.156373
472  -0.023892
473  -0.486488
474  -0.196093
475  -0.254381
476  0.0877919
477  -0.0507375
478  -0.0986288
479  -0.381676
480  -0.311017
481  -0.641781
482  -0.844106
483  -0.520999
484  -0.846972
485  -0.682436
486  -0.701125
487  -1.08884
488  -1.33963
489  -1.67515
490  -1.55772
491  -2.50075
492  -2.92506
493  -4.48994
494  -8.93554
495  -20.2748
496  -49.571
497  -114.97
498  -245.272
499  -463.857
500  -778.851
501  -1160.12
502  -1555.7
503  -1915.12
504  -2199.35
505  -2394.07
506  -2501.9
507  -2535.84
508  -2513.8
509  -2455.53
510  -2375.25
511  -2278.71
512  -2166.97
513  -2038.11
514  -1891.35
515  -1730.25
516  -1563.63
517  -1400.9
518  -1251.72
519  -1117.96
520  -998.512
521  -892.145
522  -797.807
523  -712.64
524  -636.352
525  -566.551
526  -505.46
527  -450.595
528  -403.158
529  -362.225
530  -326.847
531  -296.643
532  -270.387
533  -248.399
534  -229.529
535  -214.017
536  -200.581
537  -187.128
538  -175.405
539  -165.18
540  -157.217
541  -151.474
542  -147.145
543  -142.623
544  -137.098
545  -130.089
546  -123.433
547  -117.489
548  -113.272
549  -108.891
550  -106.047
551  -103.353
552  -101.388
553  -98.6449
554  -95.5734
555  -92.8349
556  -89.9718
557  -87.833
558  -86.2599
559  -84.1184
560  -80.8868
561  -76.6633
562  -72.2626
563  -68.336
564  -65.3234
565  -62.7518
566  -61.1607
567  -59.9406
568  -59.1139
569  -57.8446
570  -57.0235
571  -56.2819
572  -55.5361
573  -55.293
574  -53.8823
575  -52.482
576  -50.8753
577  -48.4675
578  -46.3779
579  -44.4518
580  -42.7355
581  -41.6145
582  -40.7374
583  -39.3691
584  -39.0995
585  -38.358
586  -38.309
587  -38.894
588  -39.4319
589  -39.3893
590  -38.7015
591  -38.2942
592  -36.8429
593  -36.0312
594  -34.525
595  -33.166
596  -32.1609
597  -31.3683
598  -30.3971
599  -30.1436
600  -29.4023
601  -30.0481
602  -32.2403
603  -35.747
604  -40.0873
605  -44.9272
606  -50.0839
607  -53.5746
608  -56.0075
609  -55.847
610  -55.3926
611  -53.5153
612  -51.4396
613  -48.824
614  -46.3708
615  -44.3081
616  -41.6901
617  -39.4077
618  -37.3708
619  -34.8441
620  -32.291
621  -29.394
622  -26.7996
623  -24.3479
624  -21.9691
625  -19.9041
626  -18.3835
627  -16.8864
628  -15.1244
629  -13.9813
630  -12.822
631  -11.9666
632  -11.7038
633  -11.114
634  -11.132
635  -10.7537
636  -10.9168
637  -10.409
638  -10.7034
639  -10.6595
640  -10.8097
641  -11.0729
642  -11.2378
643  -11.0235
644  -10.7464
645  -10.6565
646  -10.2508
647  -10.3853
648  -11.3076
649  -11.8132
650  -12.4644
651  -12.8879
652  -13.2551
653  -12.236
654  -10.9575
655  -10.5766
656  -9.77867
657  -9.17221
658  -8.40032
659  -8.39243
660  -8.18765
661  -8.75527
662  -9.1044
663  -10.0236
664  -10.2886
665  -11.1796
666  -11.7942
667  -12.514
668  -13.0749
669  -13.2031
670  -13.5131
671  -13.5965
672  -13.234
673  -12.7159
674  -12.0664
675  -12.1131
676  -11.764
677  -11.5311
678  -11.2742
679  -10.7441
680  -11.0647
681  -11.2121
682  -11.2599
683  -11.4815
684  -11.149
685  -11.1346
686  -11.5223
687  -11.1685
688  -11.0694
689  -10.8909
690  -10.146
691  -9.73668
692  -9.32577
693  -8.89683
694  -8.68649
695  -9.46572
696  -9.64084
697  -9.72558
698  -9.76715
699  -9.25204
700  -8.8912
701  -8.68703
702  -8.41642
703  -8.10089
704  -8.25311
705  -8.12106
706  -8.29066
707  -9.39307
708  -11.4492
709  -13.348
710  -15.0199
711  -17.5013
712  -19.6909
713  -21.6647
714  -22.931
715  -23.5051
716  -24.4437
717  -24.8615
718  -25.3495
719  -25.7001
720  -26.9433
721  -26.7143
722  -27.4769
723  -27.7361
724  -28.1512
725  -28.4006
726  -29.0282
727  -29.7478
728  -30.3765
729  -31.6092
730  -32.4695
731  -33.7379
732  -33.4877
733  -31.8552
734  -29.3246
735  -25.5763
736  -20.8823
737  -16.3392
738  -11.0733
739  -6.28141
740  -2.20504
741  1.76478
742  5.12221
743  7.78995
744  10.8325
745  13.7337
746  15.4633
747  17.4794
748  18.1932
749  18.9975
750  19.2747
751  19.5664
752  19.6406
753  19.499
754  19.2437
755  18.692
756  17.9503
757  17.4975
758  17.2709
759  16.296
760  15.4854
761  14.5489
762  14.0546
763  13.0061
764  12.6029
765  12.0977
766  11.3941
767  10.7524
768  10.4969
769  10.3927
770  10.2336
771  9.30661
772  9.26435
773  8.92663
774  8.44593
775  8.3461
776  7.57569
777  7.71513
778  7.21639
779  6.89068
780  6.64153
781  6.31146
782  5.72673
783  5.09195
784  5.20599
785  5.76998
786  5.16768
787  5.11027
788  4.91526
789  5.10438
790  4.72939
791  4.15685
792  4.08535
793  3.98889
794  4.43662
795  3.66786
796  3.44209
797  3.57764
798  3.4163
799  3.68815
800  3.1828
801  3.08999
802  3.21766
803  3.17721
804  2.84191
805  3.05429
806  2.95821
807  2.9893
808  3.16523
809  2.48012
810  2.46928
811  1.70009
812  2.20471
813  2.44248
814  1.99183
815  2.3044
816  2.36209
817  2.45127
818  2.11957
819  2.03597
820  1.91643
821  2.009
822  1.77957
823  1.56943
824  1.9028
825  1.50216
826  1.12711
827  1.72594
828  1.37827
829  1.10709
830  1.25777
831  1.15389
832  1.05745
833  1.33359
834  1.2817
835  1.24241
836  1.41073
837  1.20674
838  1.06505
839  1.6698
840  1.24235
841  1.56247
842  1.70182
843  1.71414
844  1.99145
845  1.71795
846  1.55957
847  2.04461
848  1.95612
849  2.07111
850  2.08883
851  1.94562
852  1.94401
853  1.96824
854  1.71887
855  2.04706
856  1.9255
857  2.19641
858  1.87007
859  1.9061
860  1.10156
861  1.26791
862  1.36607
863  1.79742
864  1.79243
865  1.45131
866  0.952591
867  1.09498
868  1.65724
869  1.28517
870  1.11687
871  0.890189
872  0.462533
873  1.20234
874  0.505981
875  0.326953
876  0.508536
877  0.27386
878  0.277054
879  0.204088
880  0.316827
881  0.378829
882  0.296886
883  0.252816
884  0.0828764
885  0.34728
886  0.169496
887  -0.046603
888  0.39783
889  0.0759879
890  -0.200373
891  -0.312035
892  -0.217091
893  -0.607506
894  -0.372162
895  -0.473872
896  -0.449605
897  -0.275495
898  0.081981
899  0.0272983
900  0.0736065
901  -0.399335
902  -0.128582
903  -0.200527
904  -0.291067
905  -0.276
906  -0.218739
907  -0.268083
908  -0.477769
909  -0.140353
910  -0.238848
911  -0.00174609
912  -0.0705319
913  -0.0305492
914  0.0288231
915  0.0468515
916  0.0672877
917  -0.0268348
918  -0.190175
919  -0.347061
920  -0.438199
921  -0.34194
922  -0.391498
923  -0.28723
924  -0.246844
925  -0.600191
926  -0.401673
927  -0.556164
928  -1.00408
929  -0.632264
930  -0.662862
931  -0.495553
932  -0.342305
933  -0.378545
934  -0.62074
935  -0.719597
936  -0.423465
937  -1.00086
938  -0.59113
939  -1.08382
940  -0.926338
941  -0.94293
942  -0.691455
943  -0.819612
944  -0.799649
945  -0.850254
946  -0.383772
947  -0.344832
948  -0.396956
949  -0.596366
950  -0.365758
951  -0.351167
952  -0.345491
953  -0.76965
954  -0.39187
955  -0.382074
956  -0.41393
957  -0.427075
958  -0.365618
959  -0.564132
960  -0.0912514
961  -0.232789
962  -0.309486
963  -0.174803
964  -0.149283
965  -0.15687
966  0.221092
967  0.0681257
968  -0.0441024
969  0.316013
970  0.0364136
971  -0.144568
972  -0.0956164
973  -0.429604
974  0.173633
975  0.163389
976  0.31638
977  -0.0987033
978  -0.138891
979  -0.334671
980  0.278316
981  -0.451051
982  -0.443054
983  -0.0361809
984  -0.348499
985  -0.542643
986  -0.450078
987  -0.230328
988  -0.436001
989  -0.550131
990  -0.456042
991  -1.00002
992  -0.572574
993  -0.273412
994  -0.704662
995  -1.06993
996  -0.662725
997  -0.943177
998  -0.561669
999  -0.350658
1000  -0.82737
1001  -0.822758
1002  -0.699884
1003  -0.863411
1004  -0.93572
1005  -1.13899
1006  -0.879913
1007  -0.730456
1008  -1.00069
1009  -0.802134
1010  -0.807367
1011  -0.792694
1012  -1.125
1013  -1.05145
1014  -0.720177
1015  -0.993438
1016  -0.894018
1017  -1.01929
1018  -1.04795
1019  -0.97761
1020  -0.908705
1021  -0.986761
1022  -1.16624
1023  -0.592337
1024  -0.990535
1025  -0.890278
1026  -0.797845
1027  -0.930706
1028  -1.10338
1029  -0.717614
1030  -1.08557
1031  -0.858399
1032  -1.15011
1033  -0.972446
1034  -0.959089
1035  -0.869603
1036  -1.04549
1037  -0.534125
1038  -1.15323
1039  -0.875826
1040  -0.497993
1041  -0.937136
1042  -1.29455
1043  -0.669083
1044  -0.591816
1045  -0.858109
1046  -0.888802
1047  -0.741364
1048  -0.896225
1049  -0.595979
1050  -0.705731
1051  -1.06262
1052  -0.972337
1053  -0.650937
1054  -1.07214
1055  -1.04102
1056  -0.643103
1057  -0.755899
1058  -1.19555
1059  -0.903079
1060  -1.1495
1061  -1.14103
1062  -1.06384
1063  -0.919506
1064  -0.749819
1065  -1.01892
1066  -1.13581
1067  -1.0664
1068  -0.930617
1069  -0.802928
1070  -1.1648
1071  -0.837317
1072  -1.59247
1073  -0.741484
1074  -0.781866
1075  -0.965037
1076  -1.29245
1077  -0.673778
1078  -0.739436
1079  -0.992281
1080  -0.93573
1081  -0.968473
1082  -0.92118
1083  -1.38918
1084  -0.903562
1085  -0.849699
1086  -0.96575
1087  -1.12362
1088  -0.839868
1089  -0.885639
1090  -1.01756
1091  -1.07637
1092  -1.19503
1093  -1.20947
1094  -1.27325
1095  -1.1149
1096  -1.30429
1097  -0.668732
1098  -0.930248
1099  -0.914281
1100  -0.814817
1101  -0.907857
1102  -0.827854
1103  -1.20173
1104  -0.861381
1105  -0.860112
1106  -1.11996
1107  -0.960171
1108  -0.67793
1109  -1.20632
1110  -1.06788
1111  -0.91236
1112  -0.90228
1113  -1.06288
1114  -0.675907
1115  -1.11656
1116  -0.914511
1117  -1.14584
1118  -0.856887
1119  -0.973044
1120  -0.681721
1121  -1.17331
1122  -0.990933
1123  -1.05377
1124  -0.632953
1125  -1.27621
1126  -1.21892
1127  -0.881611
1128  -1.26009
1129  -1.05526
1130  -1.07072
1131  -0.789921
1132  -0.642264
1133  -1.36413
1134  -1.28753
1135  -1.19252
1136  -0.933526
1137  -0.563006
1138  -0.962158
1139  -0.756519
1140  -1.02905
1141  -0.652734
1142  -0.822466
1143  -1.16627
1144  -1.39389
1145  -0.898474
1146  -1.17093
1147  -1.12497
1148  -1.03269
1149  -1.03611
1150  -1.1148
1151  -0.902062
1152  -1.13872
1153  -1.03948
1154  -1.51817
1155  -1.26876
1156  -1.02506
1157  -1.1043
1158  -0.938377
1159  -1.53714
1160  -1.32047
1161  -1.1602
1162  -1.1082
1163  -1.18067
1164  -1.42483
1165  -1.27594
1166  -1.06618
1167  -1.46595
1168  -0.948881
1169  -0.978581
1170  -1.05621
1171  -1.49361
1172  -1.27218
1173  -1.14786
1174  -0.861551
1175  -1.45944
1176  -1.63577
1177  -1.18939
1178  -1.23536
1179  -0.911865
1180  -1.06697
1181  -1.19408
1182  -0.771164
1183  -1.0656
1184  -1.4162
1185  -1.4156
1186  -1.05983
1187  -1.26725
1188  -1.07012
1189  -1.04959
1190  -1.44943
1191  -1.35217
1192  -1.46262
1193  -1.44858
1194  -1.22228
1195  -1.18683
1196  -1.34136
1197  -1.28709
1198  -1.14198
1199  -1.23201
1200  -0.853964
1201  -1.34814
1202  -1.18303
1203  -1.51482
1204  -1.46851
1205  -1.51594
1206  -1.39394
1207  -1.46522
1208  -1.52127
1209  -1.36684
1210  -1.93352
1211  -1.65884
1212  -2.3462
1213  -2.56548
1214  -1.86165
1215  -1.97182
1216  -2.1801
1217  -1.60096
1218  -1.6974
1219  -2.15331
1220  -1.86093
1221  -1.82458
1222  -1.64472
1223  -2.09354
1224  -2.11585
1225  -2.03899
1226  -2.10378
1227  -2.1445
1228  -1.76903
1229  -2.09021
1230  -1.65722
1231  -1.9061
1232  -1.74936
1233  -1.71715
1234  -1.89383
1235  -1.95892
1236  -1.99992
1237  -2.1256
1238  -2.16672
1239  -2.06332
1240  -2.3984
1241  -2.47223
1242  -2.26095
1243  -2.29902
1244  -2.21418
1245  -2.22997
1246  -2.24584
1247  -2.54528
1248  -2.72603
1249  -2.25705
1250  -2.31732
1251  -2.70296
1252  -2.75389
1253  -2.26199
1254  -2.70623
1255  -2.69632
1256  -2.63732
1257  -2.30526
1258  -2.34554
1259  -2.64734
1260  -2.64407
1261  -2.80658
1262  -2.35526
1263  -2.53475
1264  -2.33459
1265  -2.49202
1266  -2.45573
1267  -2.31345
1268  -2.49332
1269  -2.41948
1270  -2.19839
1271  -2.21889
1272  -2.07755
1273  -2.13893
1274  -2.39631
1275  -2.57772
1276  -2.47462
1277  -2.78045
1278  -2.46742
1279  -2.37037
1280  -2.31101
1281  -2.38336
1282  -2.4089
1283  -2.60849
1284  -2.21157
1285  -2.52117
1286  -2.39483
1287  -2.27723
1288  -2.52614
1289  -2.44464
1290  -2.55568
1291  -2.68004
1292  -2.33131
1293  -2.75932
1294  -2.28646
1295  -2.70098
1296  -2.57664
1297  -2.78745
1298  -2.50374
1299  -2.61226
1300  -2.43879
1301  -2.70868
1302  -2.98061
1303  -2.77327
1304  -2.39751
1305  -2.64418
1306  -2.54095
1307  -2.43252
1308  -2.50429
1309  -2.52279
1310  -2.82229
1311  -2.90656
1312  -2.87243
1313  -2.62251
1314  -2.68713
1315  -2.81514
1316  -2.88253
1317  -2.62549
1318  -2.63665
1319  -2.75849
1320  -2.75204
1321  -2.74906
1322  -2.64539
1323  -2.79844
1324  -2.86749
1325  -2.75182
1326  -2.87571
1327  -2.74835
1328  -2.60458
1329  -2.59556
1330  -2.49642
1331  -2.6146
1332  -2.44365
1333  -3.17907
1334  -2.76555
1335  -2.84353
1336  -2.59623
1337  -2.93394
1338  -2.90947
1339  -2.97008
1340  -2.53734
1341  -2.72675
1342  -2.67658
1343  -2.71269
1344  -3.16551
1345  -3.05411
1346  -2.59312
1347  -2.71168
1348  -2.7819
1349  -3.43482
1350  -2.68913
1351  -3.11623
1352  -3.25785
1353  -2.90612
1354  -3.11317
1355  -3.23023
1356  -3.67611
1357  -3.20104
1358  -2.89228
1359  -3.51519
1360  -3.38204
1361  -3.49111
1362  -3.43149
1363  -3.63602
1364  -3.12657
1365  -3.35006
1366  -3.43419
1367  -3.18577
1368  -3.15933
1369  -3.05758
1370  -2.89595
1371  -3.07043
1372  -3.35799
1373  -3.00816
1374  -3.14758
1375  -3.6849
1376  -3.47754
1377  -3.96684
1378  -3.54306
1379  -3.62045
1380  -3.2435
1381  -3.22375
1382  -2.56325
1383  -3.07114
1384  -2.77484
1385  -3.23766
1386  -3.06246
1387  -2.58825
1388  -2.69949
1389  -2.73909
1390  -2.46108
1391  -2.60996
1392  -2.7785
1393  -2.50769
1394  -2.2927
1395  -2.43439
1396  -2.41272
1397  -2.38214
1398  -2.43467
1399  -2.55361
1400  -2.27746
1401  -2.07219
1402  -1.90817
1403  -2.35272
1404  -2.16282
1405  -2.10137
1406  -2.24672
1407  -2.33187
1408  -2.37605
1409  -2.25968
1410  -1.99206
1411  -1.88899
1412  -1.94803
1413  -2.29533
1414  -1.94984
1415  -2.03151
1416  -2.1793
1417  -2.25795
1418  -2.1012
1419  -1.75732
1420  -1.78962
1421  -1.98881
1422  -1.93653
1423  -2.06871
1424  -2.03195
1425  -1.88183
1426  -1.31294
1427  -1.72709
1428  -1.65928
1429  -1.88336
1430  -1.59877
1431  -1.77758
1432  -1.61002
1433  -1.35676
1434  -1.63302
1435  -2.18511
1436  -1.68886
1437  -1.60651
1438  -1.72185
1439  -1.48596
1440  -1.78486
1441  -2.34931
1442  -2.37257
1443  -1.87252
1444  -2.25729
1445  -2.15279
1446  -2.14031
1447  -2.2309
1448  -2.1315
1449  -2.18071
1450  -2.06061
1451  -2.0056
1452  -2.18669
1453  -2.35897
1454  -1.76493
1455  -1.99623
1456  -2.07266
1457  -1.85159
1458  -1.49306
1459  -1.79193
1460  -2.15623
1461  -1.80205
1462  -1.49455
1463  -1.9311
1464  -1.77553
1465  -1.80721
1466  -2.02399
1467  -1.68941
1468  -1.57089
1469  -1.36289
1470  -1.27753
1471  -1.38064
1472  -1.38213
1473  -1.67395
1474  -1.86042
1475  -1.77384
1476  -1.73547
1477  -2.01034
1478  -1.8088
1479  -1.52925
1480  -1.47827
1481  -1.90886
1482  -2.10789
1483  -1.76219
1484  -1.55022
1485  -1.39818
1486  -1.68389
1487  -1.75574
1488  -1.73453
1489  -1.87432
1490  -1.49822
1491  -1.21224
1492  -1.60558
1493  -1.7977
1494  -1.82535
1495  -1.62763
1496  -1.95237
1497  -1.96322
1498  -2.08725
1499  -2.18002
1500  -2.6896
1501  -2.4892
1502  -2.58784
1503  -2.05259
1504  -2.62927
1505  -2.392
1506  -2.30679
1507  -2.15603
1508  -2.26079
1509  -2.04345
1510  -2.04165
1511  -1.83382
1512  -1.70888
1513  -1.91064
1514  -1.98236
1515  -2.1136
1516  -1.70434
1517  -1.80733
1518  -1.93868
1519  -1.55712
1520  -1.68488
1521  -1.8943
1522  -1.74726
1523  -1.73952
1524  -1.81817
1525  -1.70357
1526  -1.5437
1527  -1.20642
1528  -1.74984
1529  -1.66794
1530  -1.56952
1531  -1.76691
1532  -1.53178
1533  -1.27096
1534  -1.57031
1535  -1.85837
1536  -1.53782
1537  -1.46589
1538  -1.2456
1539  -1.55035
1540  -1.76602
1541  -1.4502
1542  -1.69334
1543  -1.80903
1544  -1.94174
1545  -1.34355
1546  -1.85933
1547  -1.7561
1548  -1.82156
1549  -1.95529
1550  -1.5329
1551  -1.78275
1552  -1.54023
1553  -1.42204
1554  -1.36339
1555  -1.77235
1556  -1.47836
1557  -1.68914
1558  -1.49287
1559  -1.558
1560  -1.85152
1561  -1.69186
1562  -1.78121
1563  -1.59835
1564  -1.57312
1565  -1.62388
1566  -1.38488
1567  -1.81103
1568  -1.7334
1569  -1.80677
1570  -2.08414
1571  -1.82628
1572  -1.98187
1573  -1.38464
1574  -1.60055
1575  -1.94521
1576  -1.68537
1577  -2.39954
1578  -2.03924
1579  -1.8528
1580  -1.94164
1581  -1.92468
1582  -1.82635
1583  -1.85701
1584  -2.45135
1585  -1.67872
1586  -1.89704
1587  -1.95464
1588  -1.49629
1589  -2.19952
1590  -1.81756
1591  -1.70597
1592  -1.91012
1593  -2.21147
1594  -2.30687
1595  -2.15902
1596  -1.96887
1597  -2.02396
1598  -1.96772
1599  -2.24643
1600  -2.19997
1601  -2.35253
1602  -2.60491
1603  -2.16598
1604  -1.79108
1605  -1.71372
1606  -1.48543
1607  -1.63453
1608  -1.46357
1609  -1.60265
1610  -1.70417
1611  -1.84678
1612  -1.95698
1613  -1.71908
1614  -1.65681
1615  -1.26788
1616  -1.86927
1617  -1.76206
1618  -1.66947
1619  -1.65914
1620  -1.64989
1621  -1.53334
1622  -1.59813
1623  -1.57839
1624  -1.78645
1625  -1.66707
1626  -1.33056
1627  -1.82164
1628  -1.61323
1629  -1.7321
1630  -1.65536
1631  -1.68021
1632  -1.88299
1633  -1.81556
1634  -1.61289
1635  -1.44117
1636  -1.45243
1637  -1.41126
1638  -1.57866
1639  -1.69395
1640  -1.37433
1641  -2.02047
1642  -1.5058
1643  -1.90412
1644  -1.5622
1645  -1.61944
1646  -1.24444
1647  -1.77908
1648  -1.57211
1649  -1.95765
1650  -1.48387
1651  -1.6272
1652  -1.75006
1653  -2.21565
1654  -2.12397
1655  -1.7769
1656  -1.68827
1657  -2.0432
1658  -1.9984
1659  -1.86203
1660  -1.77915
1661  -2.02392
1662  -1.66075
1663  -1.78064
1664  -1.70047
1665  -1.47884
1666  -1.36155
1667  -1.59338
1668  -1.80003
1669  -1.81217
1670  -2.00714
1671  -1.74963
1672  -1.73071
1673  -1.76726
1674  -1.53495
1675  -1.2864
1676  -1.46932
1677  -1.65253
1678  -1.82857
1679  -1.4699
1680  -1.18214
1681  -1.77298
1682  -1.3969
1683  -1.1189
1684  -1.24737
1685  -1.74473
1686  -1.67645
1687  -1.19385
1688  -1.17151
1689  -1.6088
1690  -2.04231
1691  -1.87612
1692  -1.64601
1693  -1.68297
1694  -1.97302
1695  -1.76592
1696  -1.5337
1697  -1.72406
1698  -1.70021
1699  -1.83956
1700  -2.27089
1701  -1.86664
1702  -1.80943
1703  -1.93032
1704  -1.76274
1705  -1.46345
1706  -1.84732
1707  -1.74953
1708  -1.55695
1709  -1.82132
1710  -1.91788
1711  -2.02827
1712  -1.66449
1713  -1.4026
1714  -1.85845
1715  -1.80168
1716  -1.50704
1717  -1.69935
1718  -1.65686
1719  -1.72997
1720  -1.4012
1721  -2.04797
1722  -1.70208
1723  -1.71656
1724  -1.79643
1725  -1.87698
1726  -1.93741
1727  -1.70278
1728  -1.91374
1729  -1.6144
1730  -1.40339
1731  -1.6954
1732  -1.44243
1733  -1.85978
1734  -1.59975
1735  -1.53433
1736  -1.54723
1737  -1.63962
1738  -1.75429
1739  -1.82403
1740  -1.79491
1741  -1.71517
1742  -1.70274
1743  -1.75978
1744  -1.87635
1745  -1.77704
1746  -1.81055
1747  -1.89508
1748  -1.45939
1749  -1.77093
1750  -1.86171
1751  -1.74238
1752  -1.63621
1753  -1.73394
1754  -1.44253
1755  -1.46149
1756  -1.75723
1757  -1.65756
1758  -1.37804
1759  -1.37406
1760  -1.4176
1761  -1.6912
1762  -1.70962
1763  -1.74461
1764  -1.83333
1765  -1.48139
1766  -1.46714
1767  -1.54213
1768  -1.87392
1769  -1.70225
1770  -2.07328
1771  -1.81134
1772  -2.30325
1773  -2.13348
1774  -2.48779
1775  -1.56734
1776  -1.91693
1777  -2.08995
1778  -2.19051
1779  -1.99605
1780  -1.83373
1781  -1.65343
1782  -1.63788
1783  -2.16205
1784  -1.91841
1785  -2.23998
1786  -1.73219
1787  -1.81496
1788  -1.89595
1789  -1.22709
1790  -1.51974
1791  -1.88068
1792  -1.35244
1793  -1.48185
1794  -2.20007
1795  -1.26873
1796  -1.36734
1797  -1.63534
1798  -1.53654
1799  -1.58246
1800  -1.77216
1801  -2.17321
1802  -1.8665
1803  -1.38655
1804  -1.76642
1805  -1.2802
1806  -1.21187
1807  -1.35896
1808  -1.61678
1809  -1.33634
1810  -1.41539
1811  -1.69845
1812  -1.59161
1813  -1.79256
1814  -1.66519
1815  -1.89078
1816  -1.46236
1817  -1.53582
1818  -1.59922
1819  -1.51704
1820  -1.63271
1821  -1.46467
1822  -1.72089
1823  -1.68949
1824  -1.40471
1825  -1.69755
1826  -1.39249
1827  -1.83461
1828  -1.48247
1829  -1.61386
1830  -1.47991
1831  -1.59217
1832  -2.15864
1833  -1.67233
1834  -1.55368
1835  -1.29834
1836  -1.61554
1837  -1.30636
1838  -1.60717
1839  -1.70987
1840  -1.5275
1841  -1.42443
1842  -1.60679
1843  -1.65061
1844  -1.5453
1845  -1.7507
1846  -1.4026
1847  -1.69446
1848  -1.74069
1849  -2.02841
1850  -1.88184
1851  -1.1481
1852  -1.66797
1853  -1.56312
1854  -1.37362
1855  -1.4167
1856  -1.27464
1857  -1.43662
1858  -1.42585
1859  -1.58983
1860  -1.60888
1861  -1.33395
1862  -1.2002
1863  -1.57312
1864  -1.29577
1865  -1.32308
1866  -1.85994
1867  -1.55554
1868  -1.19297
1869  -1.49561
1870  -1.45648
1871  -1.82175
1872  -1.73219
1873  -1.21272
1874  -1.47929
1875  -1.59538
1876  -1.73911
1877  -1.95337
1878  -2.03679
1879  -1.17014
1880  -1.66686
1881  -1.59684
1882  -1.59466
1883  -1.69076
1884  -1.22011
1885  -1.30055
1886  -1.47749
1887  -1.5938
1888  -1.53682
1889  -1.71144
1890  -1.78253
1891  -1.38032
1892  -1.54626
1893  -1.61673
1894  -1.72679
1895  -1.57415
1896  -1.47145
1897  -1.37711
1898  -1.59439
1899  -1.80719
1900  -1.32181
1901  -1.35478
1902  -1.33939
1903  -1.67585
1904  -1.3693
1905  -1.40098
1906  -1.6687
1907  -1.72931
1908  -1.40883
1909  -1.57445
1910  -1.58741
1911  -1.747
1912  -1.42264
1913  -1.5071
1914  -1.54841
1915  -1.61687
1916  -1.30097
1917  -1.11401
1918  -1.5266
1919  -1.65578
1920  -1.46834
1921  -1.68514
1922  -1.62457
1923  -1.50913
1924  -1.78673
1925  -1.3631
1926  -1.8237
1927  -1.51377
1928  -1.5319
1929  -1.61143
1930  -1.68893
1931  -1.92076
1932  -1.84605
1933  -1.47997
1934  -1.68354
1935  -1.42534
1936  -1.46647
1937  -1.53956
1938  -1.56864
1939  -1.76318
1940  -1.54898
1941  -1.37005
1942  -1.63834
1943  -1.17494
1944  -1.39603
1945  -1.28029
1946  -1.72034
1947  -1.94869
1948  -1.81618
1949  -1.85556
1950  -1.3298
1951  -1.19832
1952  -1.6533
1953  -1.54303
1954  -1.74544
1955  -1.47172
1956  -1.58335
1957  -1.58156
1958  -1.51333
1959  -1.34458
1960  -1.58997
1961  -1.847
1962  -1.6294
1963  -1.62946
1964  -1.95801
1965  -1.63456
1966  -1.63697
1967  -1.03913
1968  -1.82073
1969  -2.14874
1970  -2.1062
1971  -1.71698
1972  -1.6547
1973  -1.6978
1974  -1.65117
1975  -1.39988
1976  -1.65342
1977  -1.6842
1978  -1.90602
1979  -1.96435
1980  -1.54575
1981  -2.12538
1982  -1.76102
1983  -1.71918
1984  -1.60748
1985  -1.70416
1986  -1.43498
1987  -1.89844
1988  -1.91665
1989  -1.9473
1990  -2.21523
1991  -2.3105
1992  -2.48437
1993  -2.72412
1994  -3.0569
1995  -2.79388
1996  -2.48795
1997  -2.56967
1998  -2.73746
1999  -3.14172
2000  -2.625
2001  -2.79624
2002  -2.42796
2003  -2.33985
2004  -2.47164
2005  -2.32628
2006  -2.28987
2007  -2.27847
2008  -2.12696
2009  -2.04844
2010  -1.68466
2011  -1.70015
2012  -2.02136
2013  -1.69154
2014  -1.64649
2015  -1.88437
2016  -1.89442
2017  -1.49659
2018  -1.76056
2019  -1.57553
2020  -1.65732
2021  -1.60474
2022  -1.3186
2023  -1.81884
2024  -1.41726
2025  -1.53694
2026  -1.47138
2027  -1.56357
2028  -2.08631
2029  -1.60681
2030  -1.80641
2031  -1.62917
2032  -1.61525
2033  -1.74431
2034  -1.27349
2035  -1.46895
2036  -1.5854
2037  -1.69225
2038  -1.48656
2039  -1.45493
2040  -1.50062
2041  -1.50351
2042  -1.64645
2043  -1.66095
2044  -1.92065
2045  -1.69398
2046  -1.4012
2047  -1.74411
2048  -1.74606
2049  -1.83766
2050  -1.7293
2051  -1.5042
2052  -1.62971
2053  -1.68741
2054  -1.57657
2055  -1.7288
2056  -1.77086
2057  -1.53797
2058  -1.8723
2059  -1.5784
2060  -1.88896
2061  -1.45556
2062  -1.70361
2063  -1.59318
2064  -1.90034
2065  -1.65951
2066  -1.7808
2067  -1.81975
2068  -1.81622
2069  -2.09104
2070  -1.91317
2071  -1.86747
2072  -1.61812
2073  -2.35882
2074  -1.82282
2075  -1.80679
2076  -1.73073
2077  -1.7548
2078  -1.66048
2079  -1.8181
2080  -1.846
2081  -1.91166
2082  -1.64196
2083  -1.57825
2084  -1.22085
2085  -1.36865
2086  -1.36445
2087  -1.37668
2088  -1.66592
2089  -1.1826
2090  -1.58973
2091  -1.52728
2092  -1.88005
2093  -1.25961
2094  -1.58358
2095  -1.90895
2096  -1.64185
2097  -1.91884
2098  -1.55348
2099  -1.36993
2100  -1.61539
2101  -1.30971
2102  -1.58163
2103  -1.524
2104  -1.44415
2105  -1.69338
2106  -1.74631
2107  -1.3521
2108  -1.71051
2109  -1.71318
2110  -1.71039
2111  -1.91327
2112  -1.71915
2113  -1.64101
2114  -1.36889
2115  -1.41717
2116  -2.21651
2117  -1.52129
2118  -1.86472
2119  -1.69873
2120  -1.54584
2121  -1.58965
2122  -1.75004
2123  -1.47342
2124  -1.74469
2125  -1.84121
2126  -1.88325
2127  -1.62447
2128  -1.8638
2129  -1.71157
2130  -2.16721
2131  -1.21119
2132  -1.82577
2133  -1.65408
2134  -1.69579
2135  -1.55654
2136  -1.55479
2137  -1.59461
2138  -1.47947
2139  -1.96867
2140  -1.5067
2141  -1.93635
2142  -1.68658
2143  -1.63568
2144  -1.7358
2145  -2.1482
2146  -1.83116
2147  -1.75854
2148  -1.66489
2149  -2.06494
2150  -1.70361
2151  -1.48713
2152  -1.37544
2153  -1.66245
2154  -1.77612
2155  -1.52268
2156  -1.67973
2157  -1.56037
2158  -1.38206
2159  -1.69077
2160  -1.30051
2161  -1.65196
2162  -1.34043
2163  -1.36513
2164  -1.64359
2165  -1.22251
2166  -1.70086
2167  -1.42074
2168  -1.16389
2169  -1.63034
2170  -1.51039
2171  -1.50283
2172  -1.32367
2173  -1.8221
2174  -1.78433
2175  -1.41741
2176  -1.56098
2177  -1.59324
2178  -1.71913
2179  -1.91166
2180  -1.56506
2181  -1.61709
2182  -1.50829
2183  -1.49174
2184  -1.90623
2185  -1.66402
2186  -1.59229
2187  -1.71772
2188  -1.55041
2189  -1.71546
2190  -1.67478
2191  -1.34506
2192  -1.24538
2193  -1.56663
2194  -1.40412
2195  -1.38197
2196  -1.32559
2197  -1.24237
2198  -1.47884
2199  -1.548
2200  -1.54664
2201  -1.36272
2202  -1.81316
2203  -1.40892
2204  -1.69229
2205  -1.94164
2206  -1.64155
2207  -1.50741
2208  -1.65842
2209  -1.24856
2210  -1.41222
2211  -1.43601
2212  -1.93886
2213  -1.321
2214  -1.51349
2215  -1.41643
2216  -1.95254
2217  -1.5118
2218  -1.2853
2219  -1.66134
2220  -1.33899
2221  -1.11199
2222  -1.32652
2223  -1.57126
2224  -1.30188
2225  -1.09494
2226  -1.38738
2227  -1.59207
2228  -1.55612
2229  -1.69056
2230  -1.6042
2231  -1.35181
2232  -1.66443
2233  -1.63513
2234  -1.50268
2235  -1.64835
2236  -1.8595
2237  -1.63895
2238  -1.81215
2239  -1.60532
2240  -1.20367
2241  -2.24922
2242  -1.78147
2243  -1.75953
2244  -1.64137
2245  -1.91195
2246  -1.67681
2247  -1.9747
2248  -1.56488
2249  -1.89816
2250  -1.70584
2251  -1.65793
2252  -1.31376
2253  -1.93423
2254  -1.5452
2255  -1.51279
2256  -1.73085
2257  -1.76463
2258  -1.99974
2259  -1.54499
2260  -1.9133
2261  -1.62589
2262  -1.57189
2263  -1.62229
2264  -1.69437
2265  -1.70258
2266  -1.42701
2267  -1.6724
2268  -1.56355
2269  -1.42896
2270  -1.7316
2271  -1.51421
2272  -1.82735
2273  -1.86449
2274  -1.73911
2275  -1.91298
2276  -1.4257
2277  -1.68363
2278  -1.91232
2279  -1.6738
2280  -1.57591
2281  -1.43859
2282  -1.47423
2283  -1.52358
2284  -1.3953
2285  -1.56673
2286  -1.4144
2287  -1.62651
2288  -1.62274
2289  -1.48399
2290  -1.4163
2291  -1.99677
2292  -1.41976
2293  -1.85984
2294  -1.98183
2295  -1.88467
2296  -1.98057
2297  -2.28461
2298  -2.07193
2299  -2.13493
2300  -1.86244
2301  -1.99601
2302  -2.27891
2303  -2.05684
2304  -1.39737
2305  -1.83687
2306  -1.66178
2307  -1.6361
2308  -1.79967
2309  -1.75433
2310  -1.54862
2311  -1.42087
2312  -1.76966
2313  -1.70603
2314  -1.8471
2315  -1.51249
2316  -1.46538
2317  -1.57069
2318  -1.98352
2319  -1.79396
2320  -2.16599
2321  -2.0947
2322  -1.70093
2323  -1.94977
2324  -2.55551
2325  -2.41277
2326  -2.16109
2327  -2.46446
2328  -2.09645
2329  -2.20637
2330  -2.60825
2331  -2.07033
2332  -2.07459
2333  -2.04072
2334  -2.05775
2335  -1.85136
2336  -1.94589
2337  -2.01811
2338  -2.0666
2339  -2.27728
2340  -1.76243
2341  -1.95542
2342  -2.15967
2343  -1.54971
2344  -2.08423
2345  -1.92454
2346  -1.84302
2347  -2.14289
2348  -1.94306
2349  -1.89623
2350  -2.18204
2351  -1.9762
2352  -1.40763
2353  -1.54698
2354  -1.84586
2355  -1.9486
2356  -1.54245
2357  -1.32503
2358  -2.09073
2359  -1.91936
2360  -1.57762
2361  -1.62584
2362  -1.41432
2363  -1.24916
2364  -1.4524
2365  -1.47638
2366  -1.68882
2367  -1.67074
2368  -1.6085
2369  -1.29598
2370  -1.64453
2371  -1.18388
2372  -1.81122
2373  -1.29252
2374  -1.80219
2375  -1.57905
2376  -1.68566
2377  -1.81411
2378  -2.08241
2379  -2.02848
2380  -1.76845
2381  -1.93615
2382  -1.83312
2383  -1.64862
2384  -1.61118
2385  -1.41032
2386  -1.95814
2387  -1.54373
2388  -1.66377
2389  -1.14672
2390  -1.53987
2391  -1.47248
2392  -1.65623
2393  -1.5679
2394  -1.70633
2395  -1.95049
2396  -1.82342
2397  -1.81285
2398  -1.80251
2399  -1.58816
2400  -1.68568
2401  -1.3554
2402  -1.64522
2403  -1.91811
2404  -1.84096
2405  -1.56095
2406  -1.22831
2407  -1.53993
2408  -1.79649
2409  -1.3151
2410  -1.47993
2411  -1.83898
2412  -1.69987
2413  -1.83886
2414  -1.42665
2415  -1.21533
2416  -1.9779
2417  -1.40654
2418  -1.60429
2419  -1.40558
2420  -1.67527
2421  -1.77181
2422  -1.88278
2423  -1.62683
2424  -1.8509
2425  -1.60211
2426  -1.71027
2427  -2.38609
2428  -1.90066
2429  -1.97809
2430  -1.90297
2431  -2.69726
2432  -2.421
2433  -2.16545
2434  -1.88951
2435  -1.96479
2436  -1.8189
2437  -2.26151
2438  -1.95925
2439  -1.82367
2440  -1.85832
2441  -1.74204
2442  -1.61296
2443  -1.90072
2444  -1.83224
2445  -1.68243
2446  -1.98189
2447  -2.34644
2448  -1.91761
2449  -2.14728
2450  -1.78368
2451  -1.8947
2452  -1.85349
2453  -1.60414
2454  -2.21081
2455  -1.86012
2456  -1.71507
2457  -2.1196
2458  -2.13305
2459  -2.21831
2460  -1.89738
2461  -1.68655
2462  -1.94867
2463  -1.59143
2464  -1.64525
2465  -1.69062
2466  -1.96102
2467  -2.07137
2468  -1.47771
2469  -1.63433
2470  -1.73456
2471  -2.0574
2472  -1.57576
2473  -1.93304
2474  -1.67263
2475  -1.81833
2476  -1.87344
2477  -1.41156
2478  -1.44197
2479  -1.53393
2480  -1.69907
2481  -1.83027
2482  -1.41427
2483  -1.47137
2484  -1.60811
2485  -2.01424
2486  -2.03338
2487  -1.28471
2488  -1.20529
2489  -1.50209
2490  -1.86919
2491  -1.9564
2492  -1.42508
2493  -1.36691
2494  -1.34501
2495  -1.36911
2496  -1.69213
2497  -1.54384
2498  -1.58927
2499  -1.78164
