0  -0.780593
1  -0.909813
2  -1.1804
3  -1.15022
4  -1.30106
5  -1.22401
6  -0.89829
7  -1.05106
8  -1.05195
9  -1.29297
10  -0.756501
11  -0.804611
12  -0.957263
13  -0.832531
14  -0.704061
15  -1.00828
16  -1.07803
17  -0.953438
18  -0.813057
19  -1.09688
20  -1.12309
21  -0.954809
22  -1.16213
23  -1.16347
24  -0.934986
25  -0.986895
26  -0.975472
27  -0.830396
28  -0.585673
29  -1.02528
30  -1.10828
31  -0.914339
32  -0.777001
33  -0.929494
34  -0.643877
35  -0.900347
36  -0.349665
37  -0.609051
38  -0.506873
39  -0.747043
40  -1.21786
41  -0.81341
42  -0.627026
43  -0.655713
44  -0.564846
45  -0.509439
46  -0.610865
47  -0.721814
48  -0.437113
49  -0.643818
50  -0.270338
51  -0.71044
52  -0.748246
53  -0.880089
54  -0.700566
55  -0.698895
56  -0.767027
57  -0.529492
58  -0.843393
59  -0.609957
60  -0.654001
61  -0.502964
62  -0.47509
63  -0.762578
64  -0.485873
65  -0.46657
66  -0.446056
67  -0.658312
68  -0.496127
69  -0.822605
70  -0.680714
71  -0.311078
72  -0.59416
73  -0.629498
74  -0.612929
75  -0.637852
76  -0.665245
77  -0.440915
78  -0.576795
79  -0.541776
80  -0.445797
81  -0.430178
82  -0.198916
83  -0.535832
84  -0.662322
85  -0.476916
86  -0.179418
87  -0.136768
88  -0.471157
89  -0.66189
90  -0.357703
91  -0.616697
92  -0.484384
93  -0.0840341
94  -0.0953632
95  0.0602615
96  -0.0690979
97  -0.437399
98  -0.281409
99  -0.603544
100  -0.425064
101  -0.226724
102  -0.170197
103  -0.34873
104  -0.176159
105  -0.144852
106  -0.304724
107  -0.345802
108  0.00962442
109  -0.243925
110  0.00858821
111  -0.273933
112  -0.266546
113  0.00360492
114  -0.118998
115  0.00188053
116  0.248815
117  -0.0589927
118  -0.0705083
119  -0.233398
120  -0.300634
121  -0.175882
122  -0.123378
123  -0.216806
124  -0.00567074
125  -0.0645623
126  0.199991
127  -0.346109
128  -0.0200115
129  0.0219991
130  0.103356
131  -0.0495566
132  0.0915732
133  0.292847
134  -0.0660449
135  -0.305144
136  -0.0711278
137  0.195013
138  0.17505
139  0.0142765
140  -0.0160779
141  0.15049
142  -0.109725
143  -0.0590181
144  0.136516
145  0.0993827
146  0.107255
147  -0.159916
148  0.283243
149  -0.174817
150  0.100483
151  -0.120729
152  -0.125275
153  0.0232042
154  0.284289
155  -0.0228237
156  0.22355
157  0.0609818
158  -0.0868031
159  -0.201524
160  0.0918415
161  0.00207222
162  0.321809
163  -0.0675488
164  -0.0488542
165  0.0514668
166  0.131889
167  0.0109107
168  -0.0762529
169  0.0290961
170  -0.0634656
171  0.423282
172  -0.119325
173  0.0053195
174  0.445017
175  0.0813247
176  -0.148977
177  0.294776
178  0.139987
179  -0.129954
180  -0.293039
181  -0.430988
182  -0.111082
183  -0.193683
184  0.151293
185  -0.108368
186  -0.00288577
187  -0.0175604
188  0.0340711
189  0.337036
190  -0.00342022
191  -0.32624
192  0.442154
193  0.0159859
194  0.166318
195  0.106251
196  -0.264711
197  -0.226636
198  -0.0365249
199  -0.00402356
200  -0.0428201
201  0.14523
202  0.265776
203  -0.238479
204  -0.0105345
205  -0.0849471
206  0.0155132
207  0.430636
208  0.0190421
209  0.125876
210  -0.21162
211  -0.247618
212  0.0102589
213  0.167501
214  -0.0653102
215  0.19802
216  0.108174
217  -0.257166
218  0.370349
219  0.209922
220  0.157365
221  0.0624875
222  0.534401
223  0.094141
224  -0.0066219
225  0.073688
226  -0.427851
227  -0.116008
228  0.00823729
229  0.241224
230  0.173866
231  0.55248
232  0.526583
233  -0.00808734
234  0.244055
235  0.459214
236  0.0147721
237  0.252323
238  0.310476
239  -0.211271
240  0.0158592
241  0.660621
242  -0.176658
243  0.2661
244  -0.0560782
245  0.097519
246  0.0596204
247  0.270286
248  0.207487
249  0.528207
250  0.0939251
251  0.0672168
252  0.165794
253  0.787845
254  0.660478
255  0.48576
256  0.394326
257  0.154582
258  0.359728
259  0.0911561
260  0.295174
261  0.25659
262  0.67749
263  0.525443
264  0.196422
265  0.293344
266  0.543954
267  0.245276
268  0.370265
269  0.239176
270  0.394383
271  0.483407
272  0.725609
273  0.175164
274  0.597823
275  0.260044
276  0.313614
277  -0.0832782
278  0.237709
279  0.426752
280  0.472095
281  0.455853
282  0.43475
283  0.62182
284  0.470678
285  0.446539
286  0.554359
287  0.26425
288  0.656914
289  0.369597
290  0.431613
291  0.609156
292  0.0448645
293  0.252012
294  0.57357
295  0.616696
296  0.385542
297  0.351807
298  0.248875
299  0.289379
300  0.070416
301  0.349107
302  0.458818
303  0.331768
304  0.253026
305  0.581274
306  0.635973
307  0.289809
308  0.101352
309  0.497238
310  0.243763
311  0.45387
312  0.598249
313  0.259793
314  0.625127
315  0.384407
316  0.551277
317  0.440551
318  0.425712
319  0.599438
320  0.489266
321  0.587732
322  0.874852
323  0.411059
324  0.478617
325  0.575794
326  0.357658
327  0.459988
328  0.75036
329  0.534896
330  0.601342
331  0.358494
332  0.383406
333  0.52147
334  0.523795
335  0.537101
336  0.875902
337  1.10692
338  0.494418
339  0.30209
340  0.745481
341  0.563921
342  0.395211
343  0.606812
344  0.394104
345  0.495196
346  0.891251
347  0.235743
348  0.691987
349  0.510891
350  0.769449
351  0.484291
352  0.625084
353  0.504646
354  0.350697
355  0.626054
356  0.715772
357  0.461288
358  0.550039
359  0.936222
360  0.708718
361  0.63065
362  0.441754
363  0.416627
364  0.324689
365  0.368612
366  0.337513
367  0.688769
368  0.470641
369  0.400132
370  0.886674
371  0.527518
372  0.426931
373  0.519319
374  0.787613
375  0.634639
376  0.7526
377  0.656456
378  0.765002
379  0.337776
380  0.23994
381  0.633291
382  0.496193
383  0.459503
384  0.727603
385  0.255501
386  0.0917871
387  -0.0550631
388  0.328876
389  0.320041
390  0.371154
391  0.489005
392  -0.0347598
393  0.293132
394  0.487249
395  0.183508
396  -0.242451
397  0.242984
398  0.176506
399  0.169727
400  0.247734
401  0.245076
402  0.201655
403  0.433495
404  0.454105
405  0.365697
406  0.0649803
407  0.186106
408  0.177433
409  0.225801
410  0.181442
411  0.314305
412  0.372091
413  0.478938
414  -0.127366
415  0.293652
416  0.378908
417  0.233127
418  0.361471
419  0.638274
420  0.198751
421  0.551325
422  0.566585
423  0.264314
424  0.206296
425  0.482696
426  0.509046
427  0.340338
428  0.161124
429  0.316705
430  0.218005
431  0.305414
432  0.0579204
433  0.0464243
434  0.25546
435  0.106122
436  0.307982
437  -0.196919
438  0.405437
439  0.299617
440  0.302529
441  0.144596
442  0.495316
443  0.459925
444  0.236616
445  0.239062
446  0.19097
447  0.392595
448  0.337292
449  0.361644
450  0.00475032
451  -0.255071
452  -0.115571
453  0.135904
454  -0.029899
455  -0.192394
456  -0.0547412
457  0.0806607
458  -0.0182205
459  0.330499
460  0.608406
461  0.282188
462  -0.10359
463  0.00928851
464  -0.1982
465  0.0310576
466  -0.144966
467  0.110154
468  -0.0817588
469  -0.0297608
470  -0.317348
471  0.00582913
472  0.00489188
473  -0.0560614
474  -0.110879
475  -0.219738
476  0.108375
477  -0.131875
478  0.170418
479  -0.110951
480  0.00216002
481  -0.523809
482  -0.487288
483  -0.61264
484  -1.07626
485  -1.12592
486  -1.20904
487  -1.26446
488  -1.06807
489  -1.62085
490  -1.61025
491  -2.70657
492  -3.23764
493  -5.00503
494  -9.40378
495  -20.7138
496  -48.6955
497  -115.266
498  -249.466
499  -480.392
500  -822.806
501  -1244
502  -1683.58
503  -2083.08
504  -2393.74
505  -2593.88
506  -2683.62
507  -2681.23
508  -2611.57
509  -2495.38
510  -2351.06
511  -2191.32
512  -2024.52
513  -1855.69
514  -1688.83
515  -1528.04
516  -1376.54
517  -1237.69
518  -1111.94
519  -999.529
520  -898.996
521  -809.109
522  -727.8
523  -653.299
524  -586.117
525  -525.159
526  -472.649
527  -426.975
528  -387.604
529  -352.655
530  -320.677
531  -291.917
532  -265.377
533  -243.212
534  -224.41
535  -208.991
536  -196.451
537  -185.865
538  -175.852
539  -166.43
540  -157.816
541  -150.735
542  -144.161
543  -138.435
544  -132.26
545  -125.368
546  -117.648
547  -110.34
548  -104.955
549  -100.366
550  -98.3242
551  -96.3956
552  -95.0434
553  -93.5679
554  -91.6365
555  -89.8001
556  -87.8941
557  -86.2267
558  -84.7172
559  -82.3051
560  -79.5885
561  -76.2697
562  -72.4306
563  -68.0949
564  -64.9645
565  -62.6927
566  -60.8946
567  -59.7219
568  -58.5756
569  -57.1809
570  -56.5785
571  -55.931
572  -55.974
573  -55.3124
574  -55.4549
575  -54.7055
576  -53.0342
577  -52.0018
578  -50.5882
579  -48.8532
580  -47.0788
581  -45.9036
582  -45.5101
583  -45.335
584  -46.1343
585  -47.2248
586  -47.6699
587  -48.0782
588  -48.7867
589  -48.346
590  -47.9005
591  -47.0277
592  -45.8483
593  -44.3968
594  -42.2826
595  -40.4935
596  -39.0829
597  -37.9905
598  -36.3793
599  -35.265
600  -34.038
601  -32.5917
602  -30.8957
603  -29.5881
604  -27.7836
605  -26.2039
606  -24.4309
607  -22.8436
608  -21.3013
609  -20.0512
610  -18.2451
611  -16.642
612  -16.0417
613  -16.0203
614  -16.0372
615  -15.8457
616  -16.3379
617  -16.7835
618  -16.9895
619  -17.1179
620  -18.3513
621  -20.0554
622  -22.7516
623  -26.6695
624  -30.552
625  -34.9774
626  -40.6288
627  -47.0979
628  -54.6309
629  -63.153
630  -71.4612
631  -77.6904
632  -80.8909
633  -81.5457
634  -80.3514
635  -77.5586
636  -73.4016
637  -68.9668
638  -64.1197
639  -59.3759
640  -54.5082
641  -49.6255
642  -45.7428
643  -42.431
644  -38.2745
645  -36.1776
646  -34.0353
647  -32.2663
648  -30.9616
649  -30.4376
650  -29.4721
651  -28.5209
652  -27.429
653  -25.5142
654  -24.0985
655  -23.0879
656  -22.0678
657  -20.0736
658  -18.4306
659  -17.6858
660  -16.8414
661  -16.3307
662  -16.2358
663  -15.799
664  -16.1442
665  -16.3607
666  -16.9833
667  -17.545
668  -18.4393
669  -18.1368
670  -18.1173
671  -17.9262
672  -17.1048
673  -15.9171
674  -15.1777
675  -14.3512
676  -13.8684
677  -13.2881
678  -13.7069
679  -13.911
680  -14.3221
681  -15.2103
682  -15.5329
683  -16.2344
684  -16.4974
685  -16.5694
686  -16.3631
687  -15.9757
688  -15.3387
689  -14.5915
690  -14.3696
691  -14.3944
692  -13.9991
693  -13.762
694  -13.7816
695  -14.1886
696  -14.5751
697  -14.7382
698  -15.1612
699  -15.3461
700  -14.8815
701  -15.0409
702  -14.6922
703  -14.6416
704  -13.5885
705  -12.9564
706  -12.2831
707  -11.8173
708  -11.2853
709  -11.2952
710  -10.7504
711  -10.8583
712  -10.7687
713  -11.0125
714  -11.1126
715  -11.2437
716  -11.0678
717  -10.9547
718  -10.811
719  -10.3335
720  -10.0455
721  -10.2366
722  -10.7277
723  -11.3639
724  -12.5675
725  -14.0474
726  -15.8004
727  -17.9619
728  -20.0153
729  -22.2048
730  -23.7594
731  -24.9603
732  -25.9999
733  -26.5315
734  -27.2966
735  -27.8311
736  -28.0747
737  -27.9835
738  -27.9301
739  -27.701
740  -28.0001
741  -28.702
742  -29.648
743  -31.317
744  -34.0319
745  -37.7188
746  -44.3285
747  -52.578
748  -62.5519
749  -73.7053
750  -84.7776
751  -93.7712
752  -100.219
753  -104.775
754  -106.863
755  -107.03
756  -105.899
757  -103.818
758  -100.272
759  -96.7668
760  -91.944
761  -87.1587
762  -82.0975
763  -76.5738
764  -70.4665
765  -64.2234
766  -58.5326
767  -52.9977
768  -47.1449
769  -42.2181
770  -37.3323
771  -32.8855
772  -28.6929
773  -24.8672
774  -21.8707
775  -19.1186
776  -16.7731
777  -14.7722
778  -12.7599
779  -11.4516
780  -9.71437
781  -8.32579
782  -6.9521
783  -6.02402
784  -5.29702
785  -4.4064
786  -3.15626
787  -2.4965
788  -1.62876
789  -1.37889
790  -0.72328
791  0.030939
792  -0.131378
793  0.275196
794  0.443906
795  1.09698
796  1.16001
797  1.21856
798  1.38715
799  1.7514
800  1.8937
801  1.65948
802  2.20247
803  1.92581
804  1.90871
805  2.08073
806  1.90476
807  1.67422
808  0.922405
809  0.319738
810  0.107629
811  -0.401222
812  -0.530128
813  -0.860479
814  -1.26831
815  -1.71949
816  -1.21442
817  -1.2337
818  -1.29409
819  -1.4503
820  -1.79127
821  -2.0451
822  -1.99194
823  -2.23166
824  -2.35992
825  -2.41203
826  -2.98563
827  -2.87729
828  -2.95027
829  -2.75429
830  -3.07736
831  -2.83995
832  -2.82617
833  -2.93182
834  -2.54268
835  -2.29574
836  -2.88339
837  -2.80434
838  -2.88499
839  -2.82813
840  -2.82055
841  -2.77651
842  -2.4717
843  -2.54623
844  -2.62502
845  -2.2637
846  -2.44881
847  -2.21377
848  -2.02101
849  -1.66534
850  -2.0445
851  -1.77481
852  -1.7517
853  -1.61593
854  -1.37164
855  -1.62358
856  -1.63214
857  -2.08837
858  -1.91032
859  -2.15665
860  -2.66569
861  -2.28213
862  -2.25355
863  -2.08045
864  -2.48844
865  -2.33784
866  -2.75058
867  -2.67327
868  -2.79696
869  -2.66342
870  -2.83468
871  -3.37261
872  -4.03588
873  -4.79616
874  -4.98081
875  -4.87959
876  -5.47252
877  -6.29953
878  -6.57888
879  -7.06554
880  -7.38962
881  -6.99499
882  -6.92541
883  -7.1146
884  -6.67084
885  -6.48904
886  -6.39614
887  -6.03053
888  -5.74313
889  -5.56212
890  -5.40808
891  -5.60829
892  -4.81723
893  -4.39147
894  -4.45541
895  -4.19819
896  -4.29153
897  -3.81469
898  -3.46162
899  -3.27683
900  -3.20588
901  -3.28742
902  -3.2603
903  -3.25132
904  -3.17597
905  -3.3228
906  -3.16137
907  -3.20875
908  -3.26319
909  -3.31806
910  -3.22701
911  -3.23148
912  -3.55505
913  -3.39803
914  -3.24733
915  -3.77507
916  -3.78926
917  -3.69022
918  -3.51494
919  -3.47084
920  -3.32195
921  -3.57968
922  -3.90427
923  -3.75538
924  -3.53408
925  -3.48963
926  -3.10403
927  -2.9473
928  -3.36847
929  -3.60124
930  -3.21712
931  -3.24359
932  -2.87676
933  -3.5043
934  -3.51717
935  -3.45132
936  -3.31459
937  -3.57023
938  -3.35116
939  -3.95706
940  -3.83276
941  -4.12887
942  -3.72851
943  -3.85846
944  -3.70911
945  -3.62532
946  -3.68821
947  -3.8774
948  -3.19424
949  -3.37194
950  -3.14538
951  -3.23433
952  -3.43401
953  -3.60395
954  -3.16553
955  -3.25299
956  -3.12438
957  -3.27128
958  -3.02084
959  -2.82996
960  -3.20111
961  -3.00997
962  -3.11966
963  -3.41554
964  -3.41197
965  -3.1556
966  -3.52467
967  -3.61325
968  -3.3569
969  -3.47292
970  -3.19132
971  -3.98676
972  -3.84634
973  -3.7439
974  -3.88291
975  -3.97676
976  -4.40967
977  -3.74493
978  -3.7367
979  -4.65209
980  -4.66911
981  -4.45289
982  -4.49164
983  -4.51658
984  -4.4724
985  -4.72141
986  -4.56548
987  -4.57016
988  -4.60321
989  -4.53618
990  -4.42299
991  -4.44638
992  -4.75988
993  -4.77887
994  -4.81892
995  -5.22552
996  -5.471
997  -6.04147
998  -5.96455
999  -5.95845
1000  -6.48945
1001  -6.29763
1002  -6.55513
1003  -6.66111
1004  -6.9005
1005  -7.12579
1006  -6.24942
1007  -6.31096
1008  -6.38218
1009  -6.27611
1010  -5.6129
1011  -5.74121
1012  -5.46636
1013  -5.13294
1014  -5.15039
1015  -4.76737
1016  -4.35209
1017  -4.1758
1018  -3.80201
1019  -3.76722
1020  -3.3557
1021  -3.81871
1022  -3.30317
1023  -3.513
1024  -3.22816
1025  -2.8793
1026  -3.35878
1027  -2.64197
1028  -2.96087
1029  -2.75634
1030  -2.63316
1031  -2.57248
1032  -2.77699
1033  -2.70818
1034  -2.49488
1035  -2.69154
1036  -2.32194
1037  -2.33139
1038  -2.67212
1039  -2.35248
1040  -2.26796
1041  -2.6228
1042  -2.26531
1043  -2.6074
1044  -2.3107
1045  -2.41936
1046  -2.54422
1047  -2.47752
1048  -2.43898
1049  -2.5381
1050  -2.64318
1051  -2.66884
1052  -2.57877
1053  -2.55543
1054  -2.50545
1055  -2.46456
1056  -2.60701
1057  -2.41121
1058  -2.4229
1059  -2.19021
1060  -2.88627
1061  -2.42416
1062  -2.62213
1063  -2.98449
1064  -2.81503
1065  -2.88695
1066  -2.62933
1067  -2.45903
1068  -2.91539
1069  -2.92264
1070  -3.2623
1071  -2.91194
1072  -2.81581
1073  -2.8149
1074  -2.80512
1075  -2.75186
1076  -2.7655
1077  -2.77339
1078  -2.64057
1079  -2.53817
1080  -2.5794
1081  -2.8397
1082  -2.73266
1083  -2.63233
1084  -2.79947
1085  -2.4437
1086  -2.57662
1087  -2.56254
1088  -2.33406
1089  -2.51132
1090  -2.26901
1091  -2.00962
1092  -2.34712
1093  -2.19491
1094  -2.10437
1095  -2.15542
1096  -2.11826
1097  -2.43686
1098  -2.22651
1099  -2.17278
1100  -2.43498
1101  -2.37157
1102  -2.33973
1103  -2.6023
1104  -2.48225
1105  -2.37007
1106  -2.55943
1107  -2.12873
1108  -2.3764
1109  -2.36531
1110  -2.73861
1111  -2.30475
1112  -2.52877
1113  -2.38052
1114  -2.24324
1115  -2.24342
1116  -2.01639
1117  -2.32927
1118  -2.38109
1119  -2.46462
1120  -2.16097
1121  -2.05718
1122  -2.4109
1123  -2.24201
1124  -2.26981
1125  -2.40015
1126  -2.40593
1127  -2.70786
1128  -2.57453
1129  -2.64505
1130  -2.25343
1131  -2.60326
1132  -2.72139
1133  -2.43494
1134  -2.31716
1135  -2.65096
1136  -2.34261
1137  -2.37407
1138  -2.27853
1139  -2.07951
1140  -2.30418
1141  -2.14762
1142  -2.34694
1143  -2.35823
1144  -2.08937
1145  -2.66701
1146  -2.20835
1147  -1.57117
1148  -1.99123
1149  -1.85825
1150  -2.10481
1151  -2.18784
1152  -2.32465
1153  -2.08245
1154  -2.24952
1155  -2.35448
1156  -1.90298
1157  -1.83848
1158  -1.97057
1159  -2.0348
1160  -2.27594
1161  -2.22647
1162  -2.14733
1163  -2.34611
1164  -2.13576
1165  -2.34794
1166  -1.98646
1167  -1.88598
1168  -1.84869
1169  -2.67836
1170  -2.47457
1171  -2.60959
1172  -2.02562
1173  -2.3859
1174  -2.31147
1175  -2.0446
1176  -2.14005
1177  -2.50327
1178  -2.63732
1179  -2.19077
1180  -2.54485
1181  -2.33401
1182  -2.47074
1183  -2.27533
1184  -2.37803
1185  -2.42122
1186  -2.27831
1187  -2.68122
1188  -2.64626
1189  -2.64623
1190  -2.63628
1191  -2.94873
1192  -2.74584
1193  -2.54546
1194  -2.96987
1195  -2.71248
1196  -2.87752
1197  -2.86677
1198  -3.05836
1199  -2.34021
1200  -2.69208
1201  -2.73175
1202  -2.89035
1203  -2.81432
1204  -3.17879
1205  -3.16907
1206  -3.32546
1207  -3.32192
1208  -3.44287
1209  -3.67164
1210  -3.32465
1211  -3.36499
1212  -3.35084
1213  -3.22507
1214  -3.47117
1215  -3.30907
1216  -3.86422
1217  -3.24018
1218  -3.87398
1219  -3.57473
1220  -3.26886
1221  -3.84175
1222  -3.92106
1223  -4.00869
1224  -3.89311
1225  -4.06251
1226  -4.19421
1227  -4.42349
1228  -4.12886
1229  -4.07477
1230  -4.1362
1231  -4.20758
1232  -4.60807
1233  -4.46528
1234  -4.78881
1235  -4.45483
1236  -4.44583
1237  -4.78395
1238  -5.20507
1239  -5.16946
1240  -4.92361
1241  -4.66211
1242  -4.70065
1243  -5.07082
1244  -5.05384
1245  -5.34856
1246  -5.28411
1247  -5.50957
1248  -5.15319
1249  -5.32041
