0  -0.121327
1  -0.116897
2  -0.339132
3  -0.180274
4  0.0321301
5  0.571911
6  0.567673
7  0.0941542
8  0.129379
9  0.0248785
10  0.239561
11  0.00124502
12  0.295279
13  -0.0183411
14  -0.214467
15  0.0523647
16  -0.473165
17  -0.212025
18  0.222653
19  -0.287675
20  -0.57154
21  -0.590095
22  -0.203754
23  -0.206473
24  -0.283728
25  0.404176
26  -0.551275
27  -0.117654
28  -0.0135991
29  0.176304
30  0.184531
31  -0.351423
32  -0.518312
33  0.351287
34  -0.155315
35  -0.155661
36  -0.0367929
37  -0.171577
38  -0.132435
39  0.10002
40  -0.127036
41  0.046082
42  0.00295699
43  0.0843681
44  -0.15153
45  0.121708
46  -0.0810127
47  -0.0976312
48  -0.104533
49  0.404384
50  -0.234965
51  -0.490115
52  0.0396542
53  0.33976
54  0.155069
55  -0.156169
56  -0.486685
57  -0.376807
58  0.0518586
59  -0.195511
60  0.301983
61  0.337354
62  0.0386305
63  -0.0869637
64  0.0844538
65  0.158834
66  -0.142466
67  -0.268556
68  -0.303805
69  -0.362306
70  0.0244142
71  0.193659
72  -0.316204
73  -0.0848532
74  0.270888
75  -0.255552
76  0.15595
77  -0.236976
78  0.26496
79  0.22682
80  0.121341
81  0.361328
82  0.373491
83  0.0408288
84  0.19699
85  0.139428
86  -0.140568
87  0.0263136
88  -0.117777
89  -0.0952951
90  -0.379394
91  0.154699
92  -0.219822
93  0.10707
94  0.308211
95  0.14661
96  -0.141432
97  0.0171386
98  0.151547
99  -0.050927
100  -0.108693
101  0.308244
102  0.0299648
103  0.467498
104  0.112158
105  0.472021
106  -0.327874
107  -0.231179
108  0.350304
109  -0.0938696
110  -0.147658
111  -0.522671
112  -0.325705
113  -0.0380278
114  0.247325
115  0.143691
116  -0.0679166
117  -0.0166955
118  -0.170249
119  0.178547
120  0.282898
121  -0.0339092
122  0.146816
123  0.05898
124  -0.144635
125  -0.127017
126  -0.0829744
127  0.406608
128  -0.166792
129  0.101442
130  0.146059
131  0.536105
132  0.294144
133  0.03129
134  0.566176
135  0.109318
136  0.0921569
137  0.101115
138  0.316575
139  0.231228
140  -0.103477
141  -0.116033
142  -0.254442
143  -0.0468772
144  0.0886432
145  0.142867
146  -0.149049
147  0.00129194
148  0.0453616
149  -0.140375
150  0.209368
151  0.0658203
152  0.136477
153  -0.310178
154  -0.298143
155  -0.0798335
156  -0.552588
157  0.0425844
158  0.242218
159  0.573505
160  -0.291417
161  0.0744601
162  -0.4196
163  -0.215691
164  -0.230615
165  0.0676959
166  0.00575616
167  -0.0752704
168  0.492918
169  0.363488
170  -0.0850034
171  -0.237242
172  0.330816
173  -0.0668194
174  -0.137551
175  0.287731
176  -0.139098
177  -0.121194
178  0.0314502
179  -0.216203
180  -0.264068
181  0.0726794
182  -0.0209228
183  0.11093
184  0.359843
185  0.327018
186  -0.0764969
187  -0.138483
188  0.149094
189  -0.161986
190  0.0401138
191  -0.229027
192  -0.109734
193  -0.454762
194  -0.327005
195  0.130061
196  0.0913504
197  -0.0513175
198  -0.223436
199  0.252708
200  -0.179151
201  0.251312
202  0.0392264
203  -0.24195
204  -0.247919
205  0.259267
206  0.238605
207  0.0721743
208  0.111377
209  -0.104271
210  -0.356796
211  0.229574
212  0.224225
213  0.100184
214  0.238461
215  -0.113302
216  -0.456567
217  -0.175661
218  -0.235672
219  0.133002
220  0.186874
221  0.135885
222  -0.219302
223  -0.144051
224  0.298239
225  -0.346631
226  -0.401874
227  0.0281612
228  -0.304581
229  0.0374193
230  -0.0268055
231  -0.201188
232  -0.335551
233  0.0452296
234  -0.126824
235  -0.280205
236  0.255105
237  -0.173542
238  0.103234
239  0.570904
240  -0.160917
241  -0.0881042
242  -0.134229
243  0.0482508
244  0.0524919
245  -0.435182
246  -0.121034
247  0.0350421
248  0.0438681
249  0.174011
250  0.12255
251  0.206874
252  -0.292719
253  -0.410715
254  0.151481
255  -0.276425
256  0.21686
257  0.0220398
258  -0.547343
259  -0.381663
260  -0.131925
261  0.281411
262  -0.196355
263  0.192015
264  0.0713696
265  0.131745
266  -0.274667
267  -0.115701
268  0.419896
269  0.0692054
270  0.180338
271  0.0234094
272  0.0669805
273  0.408886
274  -0.1762
275  0.0158428
276  0.172479
277  -0.0609849
278  -0.00395205
279  -0.0667424
280  0.00976122
281  0.0402825
282  0.301079
283  -0.0527553
284  -0.0998171
285  -0.0469077
286  0.130243
287  0.0509807
288  -0.269607
289  -0.0101444
290  0.119521
291  0.408526
292  -0.143782
293  0.172046
294  -0.0255427
295  7.48957e-05
296  0.334819
297  0.056753
298  0.019335
299  0.27496
300  -0.0666673
301  0.171132
302  -0.156603
303  -0.194947
304  0.0812238
305  0.0387519
306  0.0966137
307  -0.0366548
308  -0.372207
309  0.126212
310  -0.211752
311  -0.0440932
312  0.0654608
313  0.180342
314  -0.0892809
315  -0.438229
316  -0.11837
317  -0.109315
318  0.196266
319  -0.195449
320  0.192279
321  -0.0313188
322  0.367907
323  0.26427
324  0.151215
325  0.224647
326  -0.461913
327  -0.0922399
328  0.0831098
329  -0.117605
330  -0.10181
331  -0.0521221
332  0.0105438
333  0.218184
334  0.227146
335  0.0107319
336  0.135878
337  -0.131796
338  -0.146258
339  -0.218063
340  0.0573559
341  -0.328025
342  -0.41186
343  0.270387
344  0.076459
345  0.247342
346  0.370668
347  0.136806
348  -0.0264599
349  -0.0911455
350  0.0541923
351  0.248737
352  0.0226149
353  0.251423
354  0.0862308
355  0.535552
356  -0.489381
357  -0.0197909
358  -0.00536907
359  -0.248534
360  -0.308321
361  0.355642
362  0.238128
363  -0.056661
364  -0.178888
365  0.271647
366  0.272747
367  -0.0753942
368  -0.169176
369  -0.105531
370  -0.0996616
371  0.226024
372  -0.00290839
373  0.153934
374  0.137129
375  0.184729
376  -0.0598461
377  0.280382
378  0.374102
379  0.138443
380  -0.0354129
381  -0.193693
382  0.257713
383  -0.446161
384  0.00961105
385  0.227788
386  0.160548
387  0.211241
388  0.178253
389  0.00254307
390  0.0352533
391  0.10216
392  0.177639
393  0.249334
394  -0.0831142
395  0.207613
396  -0.494403
397  0.0442403
398  0.190528
399  -0.11873
400  0.167751
401  0.146739
402  0.29538
403  -0.269088
404  0.255888
405  -0.352106
406  -0.230831
407  -0.242975
408  -0.141323
409  0.232481
410  0.22266
411  -0.0912697
412  -0.169625
413  0.0798415
414  0.159286
415  -0.224528
416  0.0041256
417  0.0752571
418  -0.296587
419  -0.0683485
420  0.575295
421  0.17355
422  0.0922493
423  -0.219069
424  -0.100625
425  0.111218
426  0.385865
427  0.0342454
428  0.396279
429  0.261372
430  0.185213
431  0.35605
432  0.138929
433  0.105546
434  0.0969109
435  -0.102507
436  0.0918362
437  -0.0199634
438  0.245139
439  0.576947
440  -0.344328
441  -0.251313
442  -0.0442873
443  0.307117
444  0.0192638
445  -0.0112182
446  0.240737
447  -0.0534585
448  -0.0328625
449  0.050749
450  -0.00981317
451  -0.0465178
452  0.373876
453  -0.027646
454  0.274513
455  -0.139644
456  0.248505
457  0.29949
458  -0.150706
459  -0.0844556
460  0.212682
461  -0.134226
462  0.345988
463  0.217741
464  0.336542
465  0.178607
466  0.639882
467  0.340923
468  -0.0587866
469  -0.03428
470  -0.138844
471  0.272072
472  -0.296647
473  0.245642
474  -0.0958396
475  -0.292437
476  0.23969
477  0.134544
478  0.181473
479  -0.0505135
480  0.431911
481  -0.125823
482  -0.0680385
483  -0.24989
484  -0.424067
485  0.128679
486  -0.019751
487  -0.340925
488  -0.455649
489  -0.911024
490  -1.01978
491  -0.589262
492  -1.48187
493  -1.67007
494  -2.59895
495  -7.69428
496  -23.0673
497  -68.4277
498  -191.602
499  -457.49
500  -905.498
501  -1486.19
502  -2075.91
503  -2552.49
504  -2851.03
505  -2965.24
506  -2909.35
507  -2699.68
508  -2364.98
509  -1956.31
510  -1534.28
511  -1149.89
512  -833.053
513  -593.396
514  -427.688
515  -330.752
516  -290.385
517  -288.22
518  -304.671
519  -322.808
520  -332.761
521  -332.017
522  -319.316
523  -294.931
524  -258.376
525  -217.109
526  -176.856
527  -143.827
528  -118.47
529  -98.9718
530  -86.4106
531  -79.9292
532  -78.9446
533  -81.6539
534  -86.5518
535  -90.5482
536  -91.2104
537  -89.7298
538  -86.3179
539  -82.2024
540  -77.7847
541  -73.6309
542  -68.6094
543  -62.9964
544  -58.4986
545  -55.389
546  -52.6264
547  -51.301
548  -50.4742
549  -49.8974
550  -47.7373
551  -46.6848
552  -47.0094
553  -46.6251
554  -46.3441
555  -44.7936
556  -43.5641
557  -42.3353
558  -41.2313
559  -40.2386
560  -39.2981
561  -38.2801
562  -37.6092
563  -36.3369
564  -35.2561
565  -35.0559
566  -33.9981
567  -33.462
568  -31.987
569  -30.2794
570  -28.4754
571  -26.2888
572  -25.1436
573  -24.1496
574  -23.7524
575  -23.9039
576  -24.0891
577  -24.3582
578  -25.1443
579  -25.8937
580  -26.6712
581  -26.924
582  -27.4209
583  -26.6043
584  -25.6421
585  -24.0004
586  -22.4456
587  -21.5387
588  -20.1167
589  -19.7537
590  -19.709
591  -20.0537
592  -20.9308
593  -21.5209
594  -22.8045
595  -22.8772
596  -22.4728
597  -21.6356
598  -19.314
599  -16.527
600  -14.033
601  -11.8347
602  -10.1616
603  -10.1534
604  -10.6397
605  -12.5187
606  -15.6117
607  -18.8434
608  -21.5173
609  -22.4915
610  -21.6554
611  -19.0014
612  -15.455
613  -10.9269
614  -7.18295
615  -3.22354
616  -1.02832
617  -1.68833
618  -3.43845
619  -6.44789
620  -8.78497
621  -10.1802
622  -11.6915
623  -11.9049
624  -10.3076
625  -6.17676
626  -3.01593
627  0.143748
628  1.94497
629  1.31979
630  -1.36582
631  -6.04595
632  -13.0857
633  -20.5063
634  -26.1507
635  -30.2054
636  -31.2263
637  -29.8523
638  -26.6496
639  -21.8899
640  -15.8908
641  -10.5821
642  -5.70158
643  -2.69439
644  -1.38541
645  -1.77211
646  -2.80266
647  -4.60679
648  -6.92466
649  -9.51481
650  -11.1934
651  -12.4066
652  -12.5989
653  -12.4034
654  -12.0076
655  -10.7968
656  -9.32756
657  -8.16177
658  -7.54221
659  -6.57952
660  -5.94821
661  -5.8594
662  -5.81463
663  -5.37005
664  -5.70205
665  -5.92067
666  -5.96283
667  -6.89447
668  -7.85529
669  -8.4442
670  -8.76142
671  -8.34567
672  -8.36776
673  -8.03297
674  -7.72839
675  -6.68504
676  -4.9409
677  -4.73818
678  -3.97288
679  -2.93739
680  -2.6398
681  -2.50984
682  -3.0718
683  -3.09032
684  -3.83624
685  -4.85046
686  -5.19995
687  -5.98919
688  -6.41508
689  -6.64812
690  -6.93995
691  -6.61047
692  -6.52409
693  -6.454
694  -5.60938
695  -5.1118
696  -4.77295
697  -4.80906
698  -4.43577
699  -4.38632
700  -4.59348
701  -3.7192
702  -3.88643
703  -3.26749
704  -3.36744
705  -3.12194
706  -2.54654
707  -2.8026
708  -2.85711
709  -3.32875
710  -3.98043
711  -3.75058
712  -4.06041
713  -4.5189
714  -4.39611
715  -4.13204
716  -4.0942
717  -3.70622
718  -2.97901
719  -2.78735
720  -2.45304
721  -2.5369
722  -2.12802
723  -2.50289
724  -1.20512
725  -0.369649
726  0.702918
727  1.8963
728  2.48858
729  3.40959
730  2.81905
731  1.20633
732  -0.572338
733  -3.20314
734  -5.29825
735  -7.19617
736  -8.42217
737  -8.67633
738  -9.06974
739  -8.52175
740  -6.99626
741  -5.44928
742  -3.79433
743  -2.23894
744  -0.305769
745  1.51257
746  3.49451
747  4.598
748  4.36751
749  3.38171
750  0.72643
751  -2.72302
752  -6.6097
753  -10.724
754  -13.4979
755  -15.1813
756  -16.2208
757  -14.5007
758  -12.1617
759  -8.94488
760  -5.50962
761  -3.01061
762  -0.232492
763  1.22044
764  1.75036
765  1.74008
766  1.38892
767  0.863044
768  -0.186046
769  -1.16374
770  -2.03979
771  -2.57769
772  -2.7811
773  -2.48074
774  -2.59375
775  -1.6793
776  -1.46589
777  -1.17958
778  -0.733279
779  -0.519799
780  -0.421697
781  -0.30049
782  -0.609924
783  -0.780577
784  -1.01811
785  -1.11343
786  -1.57533
787  -1.71278
788  -1.59584
789  -1.92736
790  -1.21807
791  -1.55771
792  -1.22041
793  -1.40567
794  -1.15076
795  -0.885968
796  -0.529619
797  -0.88665
798  -0.960644
799  -1.05685
800  -1.08544
801  -1.01235
802  -1.2747
803  -1.08678
804  -1.01595
805  -1.04217
806  -1.51613
807  -0.964727
808  -0.709854
809  -1.10119
810  -0.925386
811  -0.992189
812  -1.24192
813  -1.15352
814  -0.863282
815  -1.26378
816  -1.35685
817  -1.52341
818  -1.02968
819  -1.44339
820  -1.31156
821  -1.04366
822  -1.06576
823  -1.58798
824  -1.3612
825  -1.27911
826  -1.08305
827  -0.835483
828  -1.23079
829  -0.960888
830  -1.33601
831  -1.4329
832  -1.3882
833  -1.08314
834  -1.47611
835  -1.43083
836  -1.22503
837  -1.29842
838  -1.3289
839  -0.923714
840  -1.24967
841  -1.39501
842  -1.38371
843  -1.2401
844  -1.12803
845  -1.35466
846  -1.02423
847  -1.15889
848  -1.50565
849  -1.13185
850  -1.24261
851  -0.775
852  -1.11514
853  -0.829265
854  -0.801712
855  -0.960438
856  -1.05901
857  -0.649669
858  -1.28302
859  -1.21567
860  -0.636588
861  -1.23074
862  -0.78745
863  -0.87962
864  -1.12025
865  -1.34429
866  -1.16303
867  -0.807937
868  -1.0189
869  -0.971389
870  -1.3604
871  -1.32338
872  -0.952544
873  -1.22173
874  -1.28449
875  -1.19113
876  -0.628397
877  -1.02232
878  -0.547376
879  -0.621084
880  -0.810959
881  -0.442718
882  -0.544131
883  -0.854131
884  -0.811808
885  -1.36874
886  -1.28835
887  -1.4796
888  -1.35267
889  -1.01665
890  -1.0793
891  -1.16225
892  -1.01842
893  -0.675889
894  -0.635103
895  -0.862418
896  -0.933629
897  -0.848058
898  -0.603909
899  -0.792084
900  -0.707509
901  -0.488559
902  -1.01857
903  -1.59607
904  -1.32371
905  -0.833026
906  -0.911449
907  -0.90169
908  -0.863514
909  -0.535481
910  -0.988032
911  -0.935027
912  -0.941559
913  -0.792897
914  -0.32969
915  -0.466246
916  -0.933877
917  -0.795906
918  -0.576658
919  -0.875655
920  -0.306193
921  -0.88917
922  -1.18953
923  -0.774966
924  -0.941362
925  -0.980621
926  -0.894159
927  -0.728662
928  -0.622476
929  -0.504473
930  -0.756502
931  -0.854874
932  -0.858322
933  -0.945856
934  -0.663242
935  -0.713773
936  -0.961764
937  -0.860658
938  -1.03453
939  -0.636751
940  -0.878571
941  -1.45206
942  -1.09439
943  -0.688539
944  -0.899948
945  -0.755826
946  -0.675446
947  -0.392812
948  -0.783299
949  -0.861342
950  -0.819792
951  -0.492044
952  -0.758791
953  -0.998432
954  -0.75691
955  -0.845723
956  -0.976575
957  -0.683618
958  -0.605247
959  -0.205679
960  -0.507308
961  -0.90745
962  -0.247897
963  -0.366433
964  -0.223824
965  -0.405397
966  -0.644839
967  -0.769827
968  -1.06749
969  -0.915006
970  -1.02697
971  -0.693444
972  -0.685796
973  -0.701149
974  -0.532874
975  -0.824033
976  -0.613862
977  -0.793275
978  -0.63703
979  -0.367449
980  -0.67317
981  -0.469822
982  -0.752243
983  -0.571796
984  -0.332137
985  -0.709991
986  -0.97957
987  -0.868893
988  -0.626697
989  -0.637495
990  -1.11504
991  -0.488577
992  -0.545527
993  -0.610832
994  -0.587508
995  -0.524113
996  -0.200957
997  -0.371617
998  -0.831636
999  -0.671076
1000  -0.265544
1001  -0.302334
1002  -0.510355
1003  -0.701093
1004  -1.20774
1005  -1.0305
1006  -0.586144
1007  -0.610263
1008  -0.726488
1009  -0.369838
1010  -0.595039
1011  -0.983814
1012  -0.853992
1013  -0.623756
1014  -0.663813
1015  -0.45912
1016  -0.670288
1017  -0.396541
1018  -0.324412
1019  -0.347754
1020  -1.0901
1021  -0.986588
1022  -0.814664
1023  -0.943616
1024  -1.14809
1025  -0.940227
1026  -1.15067
1027  -0.897641
1028  -0.850754
1029  -0.958612
1030  -0.584563
1031  -1.06957
1032  -0.932976
1033  -0.870843
1034  -0.243177
1035  -0.881299
1036  -0.490449
1037  -0.725197
1038  -0.927093
1039  -0.938941
1040  -1.20031
1041  -0.998855
1042  -1.75843
1043  -1.05071
1044  -1.46344
1045  -1.35766
1046  -1.52374
1047  -1.69174
1048  -1.6237
1049  -1.4235
1050  -1.45396
1051  -1.98362
1052  -2.47306
1053  -2.6248
1054  -2.46685
1055  -2.3746
1056  -2.29692
1057  -2.94617
1058  -3.07995
1059  -2.72914
1060  -2.66382
1061  -2.94292
1062  -2.69318
1063  -2.78173
1064  -3.13594
1065  -2.93036
1066  -3.19885
1067  -3.11095
1068  -3.41013
1069  -3.43131
1070  -3.70696
1071  -3.87357
1072  -3.86397
1073  -3.93518
1074  -4.31776
1075  -3.94291
1076  -3.35034
1077  -3.63778
1078  -3.5214
1079  -3.37438
1080  -3.30553
1081  -3.14058
1082  -2.92654
1083  -3.72044
1084  -3.51196
1085  -3.6598
1086  -3.73548
1087  -3.34393
1088  -3.35381
1089  -3.48925
1090  -3.25422
1091  -2.90384
1092  -3.08449
1093  -3.29302
1094  -2.85973
1095  -3.2752
1096  -3.23373
1097  -3.25478
1098  -3.09557
1099  -3.31465
1100  -3.57315
1101  -3.5141
1102  -3.91818
1103  -3.95278
1104  -3.63532
1105  -3.7563
1106  -3.48638
1107  -3.56526
1108  -3.86996
1109  -3.93803
1110  -4.23557
1111  -4.1426
1112  -4.30609
1113  -4.13321
1114  -4.11389
1115  -4.26756
1116  -4.19288
1117  -4.116
1118  -3.91394
1119  -4.11606
1120  -4.54875
1121  -5.06034
1122  -5.421
1123  -5.16326
1124  -5.44859
1125  -5.70888
1126  -5.59852
1127  -5.61509
1128  -5.32372
1129  -5.81151
1130  -5.96743
1131  -5.81877
1132  -5.71277
1133  -5.66069
1134  -6.27199
1135  -5.88832
1136  -5.94254
1137  -6.09288
1138  -5.67761
1139  -5.84826
1140  -5.80324
1141  -5.60719
1142  -5.74194
1143  -6.11887
1144  -6.77809
1145  -6.40141
1146  -6.55813
1147  -6.16761
1148  -5.99463
1149  -5.71239
1150  -5.77362
1151  -5.90446
1152  -5.69112
1153  -5.1888
1154  -5.05996
1155  -4.66519
1156  -4.68654
1157  -4.50595
1158  -4.38334
1159  -3.62576
1160  -3.91345
1161  -3.45507
1162  -3.51774
1163  -3.46047
1164  -3.11667
1165  -2.68473
1166  -3.18779
1167  -2.65404
1168  -2.86628
1169  -2.9507
1170  -3.27653
1171  -2.8882
1172  -3.02382
1173  -2.87014
1174  -2.99842
1175  -3.05
1176  -2.8628
1177  -2.61016
1178  -2.28645
1179  -2.35775
1180  -1.98361
1181  -2.06039
1182  -1.74789
1183  -2.09505
1184  -1.95547
1185  -1.66207
1186  -1.86023
1187  -1.81092
1188  -1.91639
1189  -1.90536
1190  -2.17194
1191  -2.23272
1192  -2.112
1193  -2.02589
1194  -2.54881
1195  -2.18563
1196  -2.22167
1197  -2.22573
1198  -1.60068
1199  -1.90871
1200  -2.10461
1201  -1.97843
1202  -1.9485
1203  -2.08475
1204  -1.90831
1205  -1.82489
1206  -1.73672
1207  -1.97764
1208  -1.87143
1209  -1.43024
1210  -1.729
1211  -1.27551
1212  -1.60412
1213  -1.69288
1214  -1.95403
1215  -1.62575
1216  -1.37577
1217  -1.57314
1218  -1.69697
1219  -1.64312
1220  -1.29374
1221  -1.31768
1222  -1.091
1223  -1.07448
1224  -1.7563
1225  -1.77255
1226  -1.91699
1227  -1.86285
1228  -1.78941
1229  -1.7803
1230  -1.70049
1231  -1.31236
1232  -1.51848
1233  -1.34586
1234  -0.767964
1235  -0.993831
1236  -0.810537
1237  -0.715792
1238  -1.48639
1239  -1.41909
1240  -0.843714
1241  -1.15861
1242  -1.47977
1243  -1.35226
1244  -1.12535
1245  -0.910048
1246  -1.27388
1247  -1.23991
1248  -1.24743
1249  -1.10577
