0  -0.438794
1  -0.160772
2  -0.29962
3  -0.488269
4  -0.401941
5  -0.218012
6  0.0576387
7  0.0414197
8  -0.0283948
9  -0.132963
10  -0.201403
11  -0.131358
12  -0.335926
13  0.206945
14  0.193479
15  0.143052
16  -0.50635
17  0.202487
18  -0.277264
19  -0.438382
20  -0.00241786
21  0.0208451
22  -0.288384
23  -0.536541
24  -0.396505
25  -0.0491716
26  0.0813202
27  -0.0894552
28  -0.119369
29  -0.118657
30  -0.316458
31  -0.0914268
32  -0.340141
33  0.0646357
34  0.316956
35  -0.20688
36  -0.00198732
37  -0.111534
38  0.155955
39  -0.209164
40  -0.123022
41  -0.224288
42  -0.142339
43  0.115645
44  -0.021815
45  -0.168712
46  -0.182487
47  -0.181593
48  -0.0254449
49  0.0752983
50  0.0284645
51  0.105715
52  -0.109315
53  -0.06003
54  -0.334616
55  0.331314
56  0.0603258
57  -0.01388
58  0.106277
59  0.133089
60  -0.227668
61  0.327408
62  0.0295313
63  -0.160744
64  -0.3149
65  -0.495878
66  0.0439238
67  0.47009
68  0.454658
69  0.336298
70  0.00572472
71  -0.0240726
72  0.157699
73  0.0753978
74  -0.183618
75  -0.0929524
76  -0.114774
77  -0.51162
78  0.0901581
79  -0.151197
80  -0.246708
81  -0.0924831
82  -0.00627917
83  -0.41029
84  -0.0840952
85  0.148566
86  0.093
87  0.048375
88  0.106848
89  0.475999
90  0.360778
91  0.466782
92  -0.118984
93  -0.103898
94  -0.0755246
95  -0.411285
96  -0.134211
97  -0.148959
98  -0.207368
99  0.121931
100  -0.286799
101  0.023414
102  0.156977
103  0.0307191
104  -0.279078
105  -0.374805
106  -0.00172014
107  0.191009
108  -0.21562
109  -0.141964
110  -0.218005
111  -0.279075
112  -0.225275
113  -0.170818
114  0.0728479
115  -0.134366
116  -0.338582
117  -0.807398
118  0.0090033
119  -0.211174
120  -0.0251807
121  -0.119753
122  0.167417
123  -0.212891
124  0.329867
125  -0.419029
126  -0.429365
127  -0.128629
128  0.0124884
129  -0.419476
130  0.233444
131  0.371634
132  0.346902
133  -0.0793666
134  0.161745
135  -0.473567
136  -0.460432
137  -0.394842
138  0.0945672
139  -0.375689
140  -0.194337
141  -0.188201
142  0.153256
143  0.149674
144  -0.0801759
145  -0.54972
146  -0.370227
147  0.182796
148  0.211894
149  -0.146904
150  -0.133421
151  0.258789
152  0.465602
153  0.0298586
154  -0.171332
155  0.166884
156  0.0990484
157  -0.062512
158  0.150641
159  -0.209797
160  -0.411596
161  0.261168
162  0.125477
163  0.287903
164  -0.238619
165  -0.232485
166  0.229354
167  0.116083
168  -0.325674
169  0.162596
170  0.101819
171  -0.215372
172  -0.162895
173  0.0804045
174  0.145592
175  0.167892
176  0.162422
177  0.0144785
178  0.29284
179  0.338054
180  -0.248122
181  -0.133619
182  -0.0323487
183  0.323938
184  -0.119987
185  0.178573
186  -0.0252082
187  -0.281354
188  -0.000741328
189  0.102541
190  0.190403
191  0.0393205
192  -0.247014
193  -0.128917
194  0.0440915
195  -0.13833
196  0.17156
197  0.00148041
198  -0.275158
199  -0.220346
200  0.197303
201  0.593246
202  0.389703
203  0.185603
204  -0.0106574
205  0.10724
206  -0.0396899
207  0.04018
208  0.0527316
209  -0.138149
210  0.184566
211  0.0855931
212  -0.131745
213  -0.166682
214  0.0259295
215  0.147676
216  0.125805
217  0.24943
218  0.292481
219  0.460002
220  0.443606
221  0.315275
222  -0.087975
223  -0.0968749
224  0.0136844
225  0.0676046
226  -0.328391
227  -0.0956307
228  -0.178652
229  -0.145794
230  0.225056
231  0.197977
232  0.142365
233  0.0472756
234  -0.0455584
235  -0.173976
236  0.22865
237  0.392911
238  0.102168
239  -0.0648201
240  0.522847
241  0.3551
242  0.0927224
243  0.0515264
244  0.343586
245  0.0933971
246  -0.0606502
247  0.220439
248  0.00972344
249  0.223012
250  -0.314609
251  0.28312
252  -0.000902086
253  -0.407038
254  -0.0739145
255  0.369058
256  0.219821
257  -0.465723
258  -0.16828
259  0.463741
260  0.00469398
261  -0.162594
262  -0.0505141
263  0.195198
264  -0.0231589
265  0.0259543
266  0.212938
267  0.379618
268  -0.115233
269  0.224567
270  -0.438094
271  -0.194995
272  0.0599534
273  0.0389681
274  0.274205
275  0.137698
276  0.0498674
277  -0.372037
278  -0.420428
279  0.284335
280  -0.222638
281  0.0596987
282  -0.192125
283  -0.104708
284  -0.0227411
285  0.198803
286  -0.128626
287  0.217401
288  0.13531
289  -0.0195916
290  -0.180378
291  0.747629
292  -0.0276803
293  -0.0253833
294  0.342087
295  -0.0918072
296  -0.0718178
297  0.296421
298  -0.0988191
299  -0.312141
300  -0.0902639
301  0.281135
302  0.0798289
303  -0.146159
304  -0.0139574
305  0.209019
306  0.348285
307  0.217428
308  0.357158
309  -0.0893491
310  -0.0854576
311  -0.355173
312  0.389948
313  -0.330368
314  -0.0728149
315  -0.125686
316  -0.164937
317  -0.405622
318  0.132011
319  -0.0791851
320  0.185378
321  0.346322
322  0.0836768
323  -0.0195474
324  0.0516153
325  0.0926025
326  -0.245414
327  -0.0506194
328  0.248931
329  0.308095
330  0.414501
331  -0.0807565
332  0.154428
333  0.332354
334  -0.0657103
335  0.0500176
336  0.259229
337  -0.0931689
338  -0.0152268
339  0.440217
340  -0.0815067
341  0.190289
342  0.163512
343  -0.149567
344  -0.0759188
345  0.211951
346  -0.158927
347  0.019202
348  0.0586116
349  0.360874
350  -0.117564
351  0.168711
352  0.206937
353  0.15958
354  -0.0572108
355  -0.0792747
356  0.17515
357  -0.127315
358  -0.530497
359  0.0575544
360  0.0305838
361  0.116592
362  0.0947237
363  0.208742
364  0.388631
365  0.214448
366  0.359437
367  -0.27771
368  7.96988e-06
369  0.853204
370  -0.0772448
371  -0.00437195
372  0.0698953
373  0.246542
374  0.202484
375  0.12433
376  0.157851
377  0.399624
378  0.0650482
379  -0.192915
380  0.417601
381  -0.000470447
382  0.335171
383  0.129493
384  -0.00484938
385  -0.0385102
386  0.148767
387  0.113904
388  0.159784
389  0.272723
390  -0.0929515
391  0.00733499
392  -0.177107
393  0.0533607
394  0.00695028
395  0.0487802
396  0.0354695
397  0.345202
398  0.0537617
399  0.00758026
400  -0.00770118
401  0.204312
402  -0.630714
403  -0.313128
404  -0.181545
405  -0.396859
406  -0.26822
407  -0.345045
408  0.0989778
409  0.226587
410  -0.150985
411  -0.010378
412  -0.162012
413  -0.0548405
414  -0.399201
415  0.0666391
416  0.581671
417  -0.0863068
418  -0.0644717
419  0.10682
420  0.197527
421  -0.18146
422  -0.273591
423  -0.0618444
424  -0.436872
425  0.0719188
426  0.377185
427  0.30579
428  0.0196015
429  -0.378586
430  -0.0404759
431  -0.135301
432  0.246397
433  -0.139696
434  -0.296285
435  -0.352373
436  -0.123394
437  -0.328229
438  -0.51024
439  0.342499
440  -0.330442
441  -0.223872
442  -0.174385
443  0.0184977
444  -0.357847
445  -0.0347177
446  0.093531
447  -0.0118699
448  0.118004
449  -0.224571
450  -0.779728
451  -0.160989
452  -0.0880605
453  -0.238293
454  0.302446
455  -0.17493
456  0.0238666
457  0.232022
458  0.0351528
459  -0.155293
460  -0.109979
461  0.227161
462  0.00594793
463  0.0219744
464  0.0863324
465  0.0746537
466  0.141015
467  0.0128047
468  0.316138
469  -0.387065
470  -0.254333
471  -0.627408
472  -0.325007
473  0.138442
474  -0.213641
475  -0.00624379
476  0.000173566
477  -0.0782653
478  0.334844
479  -0.0725582
480  -0.228597
481  -0.189862
482  -0.814251
483  -0.45351
484  -0.533513
485  -0.83607
486  -1.17659
487  -1.21234
488  -0.99065
489  -1.17025
490  -1.39887
491  -2.47839
492  -2.64076
493  -3.94306
494  -7.39389
495  -16.4469
496  -39.1287
497  -90.7936
498  -194.395
499  -370.453
500  -628.674
501  -945.936
502  -1275.83
503  -1576.72
504  -1812.45
505  -1967.12
506  -2040.96
507  -2044.78
508  -1997.43
509  -1915.47
510  -1813.53
511  -1699.55
512  -1578.41
513  -1453.78
514  -1328.98
515  -1208.09
516  -1092.47
517  -985.202
518  -887.951
519  -800.28
520  -721.912
521  -650.682
522  -585.824
523  -527.46
524  -473.392
525  -425.293
526  -383.199
527  -347.241
528  -314.751
529  -286.236
530  -260.68
531  -236.17
532  -214.269
533  -196.079
534  -180.605
535  -167.846
536  -157.039
537  -147.096
538  -138.201
539  -130.167
540  -122.349
541  -116.561
542  -111.076
543  -105.735
544  -99.8331
545  -93.753
546  -88.2341
547  -81.4783
548  -77.0004
549  -73.6333
550  -71.8399
551  -69.7924
552  -69.101
553  -67.9436
554  -66.2485
555  -64.9941
556  -64.3617
557  -63.3615
558  -62.044
559  -60.3265
560  -58.8089
561  -56.2861
562  -53.3373
563  -51.1228
564  -48.7964
565  -47.4616
566  -46.6093
567  -45.6177
568  -45.1584
569  -44.1582
570  -43.5228
571  -43.0923
572  -42.8711
573  -42.9829
574  -43.0769
575  -42.312
576  -41.8577
577  -40.4932
578  -39.209
579  -37.6337
580  -36.2154
581  -35.9302
582  -35.3211
583  -35.2532
584  -35.0159
585  -35.4041
586  -35.7199
587  -35.9188
588  -36.8313
589  -36.1738
590  -35.832
591  -34.8001
592  -33.9347
593  -32.988
594  -31.4437
595  -29.903
596  -28.6491
597  -27.3962
598  -26.9961
599  -25.6966
600  -24.2577
601  -23.7482
602  -22.4042
603  -21.3186
604  -19.8379
605  -18.4872
606  -16.8765
607  -16.1883
608  -15.4767
609  -14.321
610  -12.7019
611  -11.7707
612  -11.2069
613  -10.9985
614  -10.6738
615  -11.6448
616  -11.712
617  -11.3843
618  -11.714
619  -11.9694
620  -12.8359
621  -14.0778
622  -16.3984
623  -19.2285
624  -23.0802
625  -26.5253
626  -31.0851
627  -36.2595
628  -42.5258
629  -50.0139
630  -55.4998
631  -60.0641
632  -63.6374
633  -64.5309
634  -64.0736
635  -61.0408
636  -58.3394
637  -54.3239
638  -50.797
639  -46.7833
640  -42.7126
641  -39.5934
642  -36.295
643  -33.248
644  -30.2066
645  -28.1214
646  -26.1762
647  -24.725
648  -23.9662
649  -23.1895
650  -21.8437
651  -21.0914
652  -19.9915
653  -18.9821
654  -17.9227
655  -16.6834
656  -15.8542
657  -14.71
658  -13.0944
659  -11.9587
660  -11.4169
661  -10.7259
662  -10.6845
663  -10.4497
664  -10.7696
665  -11.199
666  -11.2351
667  -11.6237
668  -12.5929
669  -12.2342
670  -11.8259
671  -11.9812
672  -11.6227
673  -10.4528
674  -9.44837
675  -9.05092
676  -8.77859
677  -8.79646
678  -8.71368
679  -9.07159
680  -9.19937
681  -10.0934
682  -10.4662
683  -10.999
684  -10.9817
685  -11.3442
686  -11.1069
687  -10.8483
688  -10.038
689  -9.45859
690  -9.354
691  -9.24622
692  -9.12901
693  -9.17654
694  -9.4284
695  -9.34172
696  -9.23277
697  -9.65663
698  -9.38981
699  -9.24764
700  -9.31147
701  -9.87158
702  -9.34779
703  -8.96975
704  -8.57192
705  -8.95078
706  -8.10463
707  -7.40997
708  -6.81088
709  -7.07932
710  -6.15552
711  -6.7767
712  -6.88954
713  -6.39896
714  -7.07428
715  -7.13341
716  -6.66126
717  -6.56266
718  -6.18811
719  -6.51028
720  -6.3225
721  -6.01449
722  -6.39025
723  -6.66335
724  -8.07689
725  -8.85316
726  -10.2353
727  -11.5737
728  -13.0362
729  -14.3011
730  -15.3118
731  -15.8445
732  -16.3082
733  -17.1039
734  -17.8618
735  -18.184
736  -18.9136
737  -18.5982
738  -18.7554
739  -19.1174
740  -19.3987
741  -20.0271
742  -20.6676
743  -21.931
744  -23.2092
745  -26.4319
746  -30.104
747  -34.7824
748  -40.3412
749  -45.6915
750  -50.4469
751  -54.27
752  -55.9967
753  -55.3481
754  -54.118
755  -52.0459
756  -48.5226
757  -44.9653
758  -41.5505
759  -38.1467
760  -34.1179
761  -29.8318
762  -26.0546
763  -22.5317
764  -18.8649
765  -15.3956
766  -11.895
767  -8.97155
768  -5.91035
769  -3.84169
770  -1.5533
771  0.643474
772  2.43406
773  3.93832
774  4.98239
775  5.5577
776  6.86184
777  6.76192
778  6.87393
779  7.18301
780  7.0617
781  7.37409
782  7.15832
783  7.16955
784  6.87636
785  6.60592
786  6.72487
787  6.16921
788  6.07967
789  6.13659
790  5.71886
791  5.233
792  5.07242
793  4.71558
794  4.20084
795  3.85367
796  4.01732
797  4.08358
798  3.14181
799  3.13267
800  3.00302
801  3.40208
802  2.77289
803  3.2939
804  3.06971
805  3.30526
806  3.28592
807  2.77316
808  2.72836
809  2.56483
810  2.38295
811  2.16664
812  2.23476
813  2.30247
814  2.15412
815  1.4525
816  1.94055
817  1.98017
818  1.61896
819  1.9463
820  2.24194
821  2.06976
822  1.81224
823  1.46041
824  2.04075
825  1.37552
826  1.31233
827  1.36328
828  1.60917
829  1.49396
830  1.21584
831  1.38178
832  1.12931
833  1.43015
834  1.59725
835  1.20186
836  1.11796
837  1.09321
838  1.43124
839  1.33339
840  1.56153
841  1.24176
842  1.32333
843  1.54084
844  1.36319
845  1.47254
846  1.22455
847  1.1061
848  1.51795
849  1.05084
850  1.65843
851  1.75765
852  1.41475
853  1.57461
854  1.10179
855  1.58887
856  1.3814
857  1.2271
858  1.26316
859  1.18283
860  1.45458
861  1.6333
862  1.49416
863  0.891924
864  1.64992
865  1.51984
866  0.880179
867  0.917791
868  1.16157
869  0.593879
870  0.355711
871  0.264646
872  0.314512
873  -0.0620579
874  -0.3585
875  -0.295889
876  -1.01675
877  -0.787644
878  -0.796217
879  -1.36508
880  -1.44421
881  -1.27058
882  -0.774268
883  -0.313327
884  -0.593506
885  -0.164501
886  0.193507
887  0.110802
888  0.293497
889  0.798566
890  0.900339
891  1.02597
892  1.44904
893  1.47622
894  1.79777
895  1.43501
896  1.45262
897  1.58728
898  2.15781
899  2.03966
900  1.86589
901  2.00769
902  2.57998
903  2.05491
904  2.38583
905  2.12595
906  1.45571
907  1.42017
908  1.60281
909  1.69146
910  1.76333
911  1.85835
912  2.04994
913  1.54079
914  1.95524
915  1.60841
916  1.31057
917  1.64123
918  1.65969
919  1.69494
920  1.59974
921  1.39162
922  1.35055
923  1.34055
924  1.67371
925  1.31545
926  1.5085
927  1.45861
928  1.26028
929  1.16986
930  0.991616
931  1.09397
932  1.1429
933  0.982351
934  1.39575
935  0.36976
936  0.817039
937  1.11446
938  0.85933
939  1.01525
940  0.581383
941  0.604539
942  0.653396
943  1.00951
944  0.66586
945  0.79696
946  0.734886
947  0.841065
948  1.24671
949  0.981878
950  0.804055
951  0.926424
952  1.04787
953  0.767444
954  1.00512
955  0.286453
956  0.629375
957  0.31899
958  0.632484
959  0.62505
960  0.499326
961  0.771822
962  0.920063
963  1.17301
964  0.172619
965  0.528036
966  0.334225
967  0.414534
968  0.564881
969  0.38907
970  0.151627
971  0.131405
972  -0.127352
973  0.242354
974  0.0360877
975  0.283213
976  0.0401197
977  -0.278533
978  0.0158357
979  -0.551547
980  -0.273517
981  0.0258451
982  -0.477393
983  0.111505
984  -0.0922179
985  -0.38902
986  -0.544094
987  -0.416704
988  -0.229548
989  -0.270819
990  -0.79013
991  -0.417755
992  -0.482691
993  -0.968228
994  -0.796762
995  -1.07061
996  -0.90096
997  -0.462161
998  -0.562789
999  -0.564598
1000  -1.17859
1001  -0.507381
1002  -0.259651
1003  -0.671626
1004  -0.447712
1005  -0.315454
1006  -0.220851
1007  -0.327475
1008  -0.0610246
1009  -0.0331942
1010  0.332647
1011  0.453862
1012  0.665046
1013  0.657709
1014  0.572337
1015  0.685584
1016  0.216237
1017  0.629494
1018  1.04781
1019  0.772645
1020  0.652542
1021  0.731168
1022  0.510563
1023  0.509448
1024  0.823791
1025  0.846836
1026  0.800455
1027  0.939486
1028  0.715031
1029  0.734999
1030  -0.024903
1031  0.358342
1032  0.551563
1033  0.524398
1034  0.774281
1035  0.886954
1036  0.305117
1037  -0.266281
1038  0.315119
1039  0.126499
1040  0.140967
1041  -0.0684936
1042  0.0190876
1043  0.716232
1044  0.382924
1045  -0.163417
1046  0.195209
1047  0.0921331
1048  0.217848
1049  -0.0387735
1050  0.411257
1051  -0.224066
1052  -0.144394
1053  0.1008
1054  -0.430367
1055  -0.140977
1056  -0.289242
1057  0.301865
1058  0.214639
1059  0.141301
1060  -0.180198
1061  -0.0141112
1062  0.064602
1063  -0.189455
1064  -0.333105
1065  -0.024904
1066  -0.0849645
1067  -0.137083
1068  0.206257
1069  -0.131179
1070  0.320762
1071  0.0203819
1072  0.40248
1073  0.176037
1074  -0.444663
1075  -0.0641336
1076  -0.00779882
1077  -0.131004
1078  -0.117198
1079  -0.256472
1080  -0.245338
1081  -0.0723118
1082  -0.802336
1083  -0.23344
1084  -0.126205
1085  -0.0395941
1086  -0.395111
1087  -0.0877618
1088  -0.238049
1089  -0.464918
1090  0.289653
1091  -0.0894467
1092  -0.153804
1093  -0.118362
1094  -0.202919
1095  -0.316339
1096  0.46394
1097  0.317271
1098  -0.03351
1099  -0.283932
1100  -0.270844
1101  -0.66586
1102  -0.587599
1103  -0.0451219
1104  0.118516
1105  -0.00341015
1106  -0.3918
1107  -0.0762828
1108  -0.397078
1109  -0.00170072
1110  -0.0872835
1111  -0.592087
1112  0.157988
1113  -0.316507
1114  -0.296354
1115  -0.0922703
1116  -0.770422
1117  -0.502341
1118  -0.184864
1119  -0.0308196
1120  -0.525691
1121  -0.634215
1122  -0.506764
1123  -0.363299
1124  -0.912012
1125  -0.202114
1126  0.0510136
1127  -0.542158
1128  -0.492216
1129  -0.0562777
1130  -0.464193
1131  -0.363139
1132  -0.677875
1133  -0.386066
1134  -0.465071
1135  -0.402965
1136  0.34709
1137  -0.388482
1138  -0.212304
1139  -0.39603
1140  -0.354423
1141  0.0022225
1142  -0.199451
1143  -0.36716
1144  -0.359223
1145  -0.425773
1146  -0.201329
1147  -0.248537
1148  -0.71154
1149  -0.707019
1150  -0.533811
1151  -0.295195
1152  -0.372081
1153  -0.813163
1154  -0.740267
1155  -0.256128
1156  -0.689445
1157  -0.376777
1158  -0.179295
1159  -0.445216
1160  -0.113796
1161  -0.442219
1162  -0.635799
1163  -0.455342
1164  -0.260801
1165  -0.633154
1166  -0.580898
1167  -0.486829
1168  -0.237343
1169  -0.212937
1170  -0.400588
1171  -0.627909
1172  -0.587472
1173  -0.432905
1174  -0.424487
1175  -0.537006
1176  -0.387382
1177  -0.579028
1178  -0.465595
1179  -0.782596
1180  -0.31609
1181  -0.688283
1182  -1.1134
1183  -0.800221
1184  -0.802703
1185  -0.538099
1186  -0.63853
1187  -0.483129
1188  -0.706974
1189  -0.225193
1190  -0.0999352
1191  -0.405889
1192  -0.319287
1193  -0.78964
1194  -0.511352
1195  -0.740872
1196  -0.452958
1197  -0.686248
1198  -0.466948
1199  -0.566461
1200  -0.729063
1201  -0.947428
1202  -0.21747
1203  -0.84634
1204  -0.763673
1205  -1.17489
1206  -0.348574
1207  -0.491899
1208  -0.426416
1209  -0.975157
1210  -0.821573
1211  -1.06799
1212  -0.682828
1213  -0.75647
1214  -0.765291
1215  -0.607765
1216  -0.421621
1217  -0.904525
1218  -0.411202
1219  -0.945322
1220  -0.745275
1221  -0.619443
1222  -1.29936
1223  -0.517429
1224  -0.795637
1225  -1.07377
1226  -1.11014
1227  -0.673835
1228  -1.36195
1229  -1.19236
1230  -0.88785
1231  -1.41668
1232  -0.779768
1233  -0.746867
1234  -1.05156
1235  -1.22107
1236  -0.999113
1237  -1.21454
1238  -1.27511
1239  -0.988835
1240  -1.25003
1241  -1.43037
1242  -0.873856
1243  -0.881819
1244  -1.23052
1245  -1.13232
1246  -1.23008
1247  -0.948942
1248  -1.5255
1249  -1.29607
