0  -0.0994606
1  -0.0649033
2  -0.182753
3  -0.287439
4  -0.226668
5  -0.358469
6  -0.0532004
7  0.120696
8  -0.104289
9  -0.271305
10  0.068253
11  0.254943
12  -0.079032
13  -0.0630447
14  0.00847712
15  0.166543
16  -0.0137474
17  -0.152778
18  0.0066873
19  -0.254133
20  0.221358
21  -0.130606
22  0.13544
23  -0.011533
24  -0.0415282
25  0.105603
26  -0.116327
27  0.0458801
28  0.00509738
29  -0.407301
30  0.229666
31  0.0511245
32  -0.352292
33  -0.453539
34  -0.284244
35  0.307586
36  0.20206
37  0.00785612
38  -0.551394
39  -0.130839
40  -0.406903
41  -0.382524
42  0.3201
43  0.181031
44  -0.147962
45  -0.436222
46  -0.0295709
47  -0.500466
48  -0.212077
49  0.0984285
50  0.0512677
51  0.28108
52  0.0991597
53  0.0388136
54  0.348961
55  0.252513
56  0.304706
57  0.299101
58  0.243559
59  0.148486
60  0.369086
61  -0.129345
62  -0.0857522
63  0.239788
64  0.274723
65  -0.117324
66  0.168292
67  0.354856
68  -0.358574
69  -0.422789
70  0.318383
71  -0.342999
72  -0.299181
73  0.131779
74  0.0937255
75  0.132697
76  -0.13353
77  0.0495682
78  0.317238
79  -0.108945
80  -0.0101924
81  0.0295326
82  0.126197
83  -0.195273
84  -0.0592992
85  0.0110592
86  0.682703
87  -0.00255322
88  0.113201
89  -0.258502
90  0.167704
91  0.279733
92  0.00281951
93  0.32925
94  0.444688
95  0.024289
96  0.17415
97  0.319039
98  0.124243
99  -0.334075
100  0.17742
101  0.348108
102  -0.0884844
103  -0.149692
104  -0.366843
105  -0.105875
106  0.0684238
107  0.0168572
108  -0.0724579
109  -0.12965
110  0.160641
111  0.0505604
112  -0.119047
113  -0.320536
114  -0.00485777
115  -0.425584
116  -0.104666
117  0.086775
118  0.0642829
119  0.134662
120  -0.0413847
121  -0.114821
122  -0.281042
123  0.0439377
124  -0.232378
125  -0.267299
126  0.230591
127  0.290037
128  0.0973521
129  -0.0846375
130  -0.00463375
131  0.305615
132  0.287227
133  0.442433
134  0.145751
135  0.145865
136  0.174625
137  -0.166203
138  -0.182646
139  -0.188407
140  0.148
141  0.115426
142  0.291244
143  0.113126
144  0.125556
145  -0.282821
146  -0.168078
147  0.106821
148  0.231111
149  -0.101299
150  0.118995
151  0.400193
152  -0.144233
153  -0.1517
154  -0.237405
155  0.259864
156  0.329297
157  -0.219158
158  0.0141894
159  0.267471
160  0.0180424
161  0.199767
162  0.0803818
163  -0.256008
164  0.00485383
165  0.164658
166  0.0219857
167  -0.0686388
168  -0.154198
169  0.150984
170  0.429203
171  -0.0462142
172  -0.000599357
173  -0.435178
174  0.0054138
175  0.14585
176  -0.150186
177  0.023342
178  -0.0254308
179  -0.118482
180  -0.0409137
181  -0.0773242
182  0.332436
183  0.0747682
184  0.0743875
185  0.0881357
186  -0.11795
187  -0.0285546
188  -0.237837
189  -0.0277516
190  0.117136
191  0.214934
192  -0.0257457
193  -0.178291
194  -0.389912
195  0.109147
196  -0.20527
197  0.13005
198  0.115346
199  -0.0658545
200  -0.226548
201  -0.0174549
202  -0.289591
203  -0.227984
204  -0.411761
205  -0.298764
206  0.193808
207  -0.145136
208  -0.0736278
209  -0.231223
210  0.614805
211  -0.352289
212  -0.182319
213  0.00813276
214  -0.693409
215  0.0429875
216  0.0343294
217  0.0429504
218  -0.221892
219  -0.0846477
220  -0.00791514
221  0.0217241
222  -0.306718
223  0.383812
224  -0.367626
225  -0.137069
226  0.0957654
227  0.0364771
228  0.363425
229  0.072737
230  0.100994
231  0.326113
232  -0.0692757
233  0.415489
234  -0.221946
235  -0.00576045
236  0.00508711
237  0.0328057
238  0.692627
239  -0.326267
240  0.304531
241  0.438469
242  -0.0233402
243  0.167532
244  -0.158514
245  0.0620534
246  0.144218
247  -0.0543574
248  -0.318589
249  0.406665
250  0.180182
251  0.315554
252  -0.117562
253  -0.116779
254  0.0596612
255  0.156064
256  -0.0724381
257  0.245882
258  -0.0815804
259  -0.188961
260  -0.413737
261  -0.0309825
262  -0.299039
263  0.150214
264  -0.0408598
265  0.0326163
266  -0.118055
267  -0.0733187
268  0.220123
269  -0.12084
270  -0.00644601
271  -0.294228
272  -0.0703905
273  -0.0223922
274  -0.10986
275  -0.150044
276  -0.337152
277  -0.0259138
278  0.200915
279  -0.208758
280  -0.0851989
281  -0.135206
282  0.0703399
283  -0.0990987
284  0.0481261
285  0.0136575
286  -0.257211
287  -0.103818
288  0.101179
289  0.122928
290  0.266924
291  -0.241887
292  -0.0237469
293  -0.239321
294  -0.11801
295  0.166379
296  0.0982118
297  -0.0562746
298  -0.252194
299  0.154909
300  -0.270804
301  -0.169655
302  -0.0903926
303  0.0773442
304  0.00631946
305  -0.0616733
306  -0.165294
307  -0.222606
308  -0.200783
309  -0.102565
310  0.262956
311  0.576474
312  0.11324
313  0.272842
314  0.15051
315  0.196412
316  -0.0597351
317  0.36655
318  -0.216248
319  -0.0686426
320  0.435336
321  0.00468048
322  0.35451
323  0.0886583
324  0.10175
325  -0.250352
326  -0.14054
327  -0.00843541
328  -0.153852
329  0.36019
330  0.0244786
331  0.0198051
332  0.291453
333  0.0955768
334  -0.0390238
335  0.470623
336  -0.0565487
337  -0.466706
338  0.144259
339  -0.640242
340  -0.35987
341  -0.00213146
342  -0.401637
343  0.175151
344  0.0521387
345  -0.236007
346  0.0724369
347  -0.300261
348  -0.167731
349  0.018654
350  0.144281
351  -0.0933637
352  0.135945
353  -0.0826571
354  0.0338437
355  0.212701
356  -0.175512
357  0.239221
358  -0.00162558
359  0.0588942
360  0.128654
361  -0.0895941
362  0.0741252
363  -0.0808414
364  -0.111136
365  0.287311
366  0.0557241
367  0.0547264
368  -0.0240573
369  -0.0155981
370  0.188404
371  0.0661725
372  0.300286
373  0.117374
374  0.193519
375  0.0967706
376  0.408378
377  0.0083549
378  -0.372527
379  -0.146216
380  0.188086
381  -0.0939189
382  -0.215391
383  -0.124109
384  -0.0828293
385  0.0212772
386  -0.0273555
387  -0.137259
388  -0.137003
389  0.184691
390  0.187933
391  0.293627
392  0.0183426
393  0.0447197
394  -0.15476
395  -0.0391884
396  0.0160276
397  -0.448811
398  0.00451185
399  -0.0337833
400  -0.115678
401  -0.0574818
402  0.0732356
403  0.0381025
404  0.0632829
405  0.16759
406  0.251962
407  -0.123937
408  -0.299905
409  -0.399748
410  -0.10459
411  -0.0806974
412  -0.184697
413  -0.56097
414  -0.226734
415  0.0341655
416  0.115178
417  -0.587904
418  -0.174418
419  -0.294664
420  0.124873
421  0.507433
422  -0.136955
423  -0.205563
424  -0.0181709
425  0.00843311
426  -0.15729
427  0.0268844
428  0.0218868
429  -0.175393
430  -0.305192
431  -0.0673566
432  -0.219508
433  -0.182602
434  0.068913
435  0.0932509
436  0.128581
437  -0.0877199
438  -0.0799218
439  -0.0364183
440  0.12228
441  -0.0108842
442  -0.321048
443  -0.324292
444  0.119251
445  -0.260801
446  -0.0505389
447  -0.0589559
448  -0.389039
449  -0.216837
450  -0.242966
451  0.0952239
452  0.135679
453  -0.136921
454  -0.0331021
455  -0.168417
456  -0.117567
457  0.158337
458  -0.291019
459  0.292033
460  0.413916
461  0.280446
462  -0.259121
463  -0.252148
464  0.192568
465  -0.174257
466  -0.234116
467  -0.0373002
468  -0.301175
469  0.185326
470  -0.094609
471  -0.122845
472  -0.146333
473  -0.363704
474  0.252849
475  0.350646
476  -0.167799
477  -0.364982
478  -0.388116
479  -0.580996
480  0.144608
481  -0.48716
482  -0.371424
483  -0.471533
484  -0.454347
485  -0.45033
486  -0.551277
487  -1.14701
488  -1.05801
489  -1.28403
490  -1.22414
491  -1.90645
492  -3.4014
493  -4.34464
494  -8.04694
495  -18.6063
496  -44.343
497  -102.872
498  -218.505
499  -415.199
500  -700.805
501  -1050.64
502  -1416.01
503  -1748.24
504  -2009.79
505  -2183.68
506  -2269.64
507  -2281.16
508  -2235.28
509  -2151.53
510  -2042.22
511  -1915.94
512  -1781.29
513  -1641.31
514  -1500.44
515  -1363.85
516  -1233.48
517  -1111.56
518  -999.918
519  -898.866
520  -807.418
521  -725.787
522  -652.118
523  -586.04
524  -527.343
525  -474.213
526  -427.695
527  -386.202
528  -348.409
529  -314.634
530  -283.45
531  -255.918
532  -231.615
533  -211.474
534  -193.866
535  -179.383
536  -167.295
537  -155.923
538  -145.706
539  -138.192
540  -131.223
541  -125.339
542  -121.272
543  -116.869
544  -112.101
545  -106.853
546  -100.612
547  -95.3062
548  -90.9903
549  -87.7751
550  -85.0702
551  -83.3473
552  -81.6198
553  -79.7673
554  -77.009
555  -75.386
556  -74.1977
557  -72.2724
558  -70.5175
559  -68.463
560  -65.9315
561  -62.5309
562  -58.6432
563  -56.334
564  -53.6624
565  -51.5731
566  -50.2225
567  -48.9381
568  -47.7469
569  -47.2272
570  -46.2263
571  -45.4138
572  -44.6154
573  -44.1465
574  -43.1924
575  -41.5891
576  -40.6759
577  -38.632
578  -37.0224
579  -35.7523
580  -34.4229
581  -32.6983
582  -32.1916
583  -31.0709
584  -30.3689
585  -29.8583
586  -30.475
587  -31.3201
588  -31.4013
589  -31.6292
590  -31.8384
591  -31.1906
592  -30.1865
593  -30.3766
594  -30.673
595  -31.8237
596  -34.4489
597  -37.116
598  -38.9234
599  -40.0255
600  -40.7286
601  -39.8216
602  -37.4843
603  -35.2161
604  -32.5574
605  -29.6517
606  -26.6451
607  -23.668
608  -21.3287
609  -19.1829
610  -16.9606
611  -15.0438
612  -13.7402
613  -12.1992
614  -10.7916
615  -9.65787
616  -9.29699
617  -9.28932
618  -9.77202
619  -9.98449
620  -10.2899
621  -10.0566
622  -9.90987
623  -9.72705
624  -8.55684
625  -7.44647
626  -7.05089
627  -6.4075
628  -6.07975
629  -6.34898
630  -7.30307
631  -8.5514
632  -10.0639
633  -11.2065
634  -12.0427
635  -13.3426
636  -13.7541
637  -14.1492
638  -14.1292
639  -13.9554
640  -13.4426
641  -12.9727
642  -12.296
643  -11.0597
644  -9.73497
645  -9.10258
646  -8.35537
647  -7.54904
648  -7.45347
649  -7.57967
650  -7.91652
651  -8.55613
652  -10.1541
653  -10.9335
654  -11.6221
655  -12.6661
656  -12.9034
657  -12.7616
658  -12.9016
659  -12.7834
660  -11.5916
661  -11.6209
662  -11.4832
663  -11.4332
664  -11.3947
665  -11.0675
666  -11.4645
667  -11.4637
668  -10.9846
669  -10.8101
670  -10.3927
671  -10.1189
672  -9.93065
673  -9.50058
674  -8.86266
675  -8.40257
676  -8.0345
677  -7.91272
678  -7.58053
679  -7.01968
680  -7.30017
681  -7.0335
682  -7.74455
683  -7.71612
684  -8.24576
685  -8.06643
686  -8.12992
687  -8.05361
688  -7.62516
689  -7.15518
690  -7.24616
691  -7.8432
692  -7.25217
693  -7.47602
694  -7.69774
695  -8.26867
696  -8.47896
697  -9.88291
698  -11.3005
699  -12.8254
700  -15.4555
701  -18.7157
702  -21.7394
703  -24.6143
704  -26.8353
705  -28.8287
706  -29.5435
707  -29.6619
708  -30.0836
709  -30.4953
710  -30.2102
711  -30.731
712  -31.562
713  -31.6419
714  -32.8238
715  -33.0231
716  -33.1804
717  -33.387
718  -33.0916
719  -33.4192
720  -33.4826
721  -33.3849
722  -33.9335
723  -34.612
724  -34.4394
725  -32.5662
726  -30.4836
727  -27.1937
728  -23.4734
729  -19.0417
730  -15.2652
731  -11.0434
732  -7.0362
733  -3.83095
734  -0.153308
735  1.78686
736  4.61477
737  6.7274
738  8.90523
739  10.126
740  11.2149
741  11.9925
742  12.5686
743  12.4156
744  12.4088
745  12.4969
746  12.3512
747  11.8546
748  11.372
749  11.6611
750  11.3841
751  10.5207
752  10.5017
753  10.4513
754  10.202
755  10.1068
756  9.49405
757  9.1596
758  8.86335
759  8.32688
760  8.07398
761  7.75386
762  7.35512
763  6.88199
764  6.15677
765  6.28684
766  5.54101
767  5.41212
768  5.61938
769  5.32091
770  5.07386
771  5.38557
772  5.21258
773  4.73145
774  4.16652
775  4.47723
776  3.95399
777  3.7922
778  3.8638
779  3.61531
780  3.50538
781  3.0979
782  3.01146
783  3.02499
784  2.87026
785  2.84115
786  2.79966
787  3.21155
788  2.73291
789  2.90988
790  2.84698
791  2.92635
792  2.23951
793  2.11149
794  1.66708
795  1.58755
796  1.72368
797  1.68123
798  1.86343
799  1.67108
800  1.74016
801  1.92799
802  1.73861
803  1.8628
804  1.36131
805  1.65919
806  1.9308
807  1.529
808  1.56678
809  1.66681
810  1.40623
811  1.48002
812  1.27566
813  1.34066
814  1.57184
815  1.41101
816  1.34448
817  1.96832
818  1.64122
819  1.76441
820  1.56281
821  1.78492
822  1.89792
823  1.71684
824  1.5416
825  1.91021
826  1.76675
827  1.65758
828  1.85939
829  1.72988
830  1.7018
831  1.61595
832  1.59079
833  1.60204
834  1.06079
835  1.37018
836  1.40137
837  1.29352
838  1.7617
839  1.15868
840  1.42538
841  0.7116
842  0.857263
843  0.814284
844  0.737633
845  0.565935
846  0.889147
847  1.05003
848  0.872307
849  1.07692
850  0.86852
851  0.746355
852  0.670685
853  0.622761
854  0.619662
855  0.846837
856  0.478206
857  0.770463
858  0.568779
859  0.71268
860  0.481498
861  0.536182
862  0.456772
863  0.816796
864  0.818769
865  0.172922
866  0.292961
867  0.60512
868  0.747574
869  0.260904
870  0.657387
871  0.559678
872  0.641875
873  0.265522
874  0.42806
875  0.338024
876  0.0369179
877  0.0267961
878  0.227537
879  0.214621
880  0.0193188
881  0.12136
882  0.134913
883  0.143445
884  0.295202
885  0.363184
886  0.240197
887  0.238273
888  0.512604
889  0.0316118
890  0.404198
891  -0.233953
892  -0.304489
893  0.18348
894  0.0646941
895  0.149258
896  0.224911
897  0.0567537
898  0.0171863
899  -0.0948278
900  0.137864
901  -0.200747
902  -0.227612
903  0.181715
904  -0.0994936
905  -0.324559
906  -0.698062
907  -0.325748
908  -0.218441
909  -0.546053
910  -0.37618
911  -0.742529
912  -0.389053
913  -0.578914
914  -0.567846
915  -0.606078
916  -0.564986
917  -0.623083
918  -0.496188
919  -0.417009
920  -1.0989
921  -0.575924
922  -0.651073
923  -0.527284
924  -0.757852
925  -1.10379
926  -1.01564
927  -1.11206
928  -1.12939
929  -1.20891
930  -0.828368
931  -1.19515
932  -0.822622
933  -0.786637
934  -0.767805
935  -0.718413
936  -0.599651
937  -0.482013
938  -0.793946
939  -0.504849
940  -0.190603
941  -0.836184
942  -0.221223
943  -0.808556
944  -0.287697
945  0.395744
946  0.0230599
947  -0.0427941
948  -0.170345
949  0.184069
950  0.032186
951  0.179753
952  0.386507
953  0.296486
954  0.0945709
955  0.466036
956  0.203519
957  0.066435
958  -0.462679
959  0.00697277
960  0.154115
961  0.136461
962  0.0615822
963  0.0869357
964  -0.0567492
965  0.0259496
966  -0.464676
967  0.0211419
968  -0.383351
969  -0.120859
970  -0.0169458
971  -0.000185955
972  0.100411
973  -0.156004
974  -0.24074
975  -0.309286
976  -0.785513
977  -0.384691
978  -0.755653
979  -0.545047
980  -0.28096
981  -0.462229
982  -0.770829
983  -0.718322
984  -0.47909
985  -0.805953
986  -0.575872
987  -0.649567
988  -0.402352
989  -0.795048
990  -0.472002
991  -0.96613
992  -0.797495
993  -0.699394
994  -0.62431
995  -0.303699
996  -0.613919
997  -0.543197
998  -1.03245
999  -0.767012
1000  -0.916522
1001  -0.422023
1002  -0.76838
1003  -0.629289
1004  -0.446396
1005  -0.486771
1006  -0.455884
1007  -0.703909
1008  -0.596052
1009  -0.939175
1010  -0.721621
1011  -0.749701
1012  -0.685912
1013  -0.960491
1014  -1.32106
1015  -0.905708
1016  -0.664085
1017  -0.848964
1018  -0.841941
1019  -0.768643
1020  -0.41512
1021  -0.494316
1022  -1.12906
1023  -0.906331
1024  -1.15972
1025  -0.766443
1026  -0.929113
1027  -1.18627
1028  -1.34573
1029  -1.13498
1030  -0.769088
1031  -0.938167
1032  -0.794341
1033  -0.596954
1034  -0.404082
1035  -1.05632
1036  -0.998962
1037  -0.64712
1038  -0.896266
1039  -0.713612
1040  -0.934035
1041  -0.981509
1042  -1.08246
1043  -0.942761
1044  -0.536164
1045  -0.853913
1046  -0.550641
1047  -0.809574
1048  -0.687397
1049  -0.515674
1050  -0.855707
1051  -0.854352
1052  -0.397497
1053  -0.658855
1054  -0.623278
1055  -0.837555
1056  -0.738637
1057  -0.81581
1058  -0.696247
1059  -0.582039
1060  -0.638556
1061  -0.955217
1062  -0.494538
1063  -0.863585
1064  -0.714567
1065  -0.918476
1066  -0.781928
1067  -0.943023
1068  -1.24842
1069  -0.7955
1070  -0.781942
1071  -0.894632
1072  -0.761777
1073  -1.04897
1074  -1.35909
1075  -0.634197
1076  -0.67404
1077  -0.746971
1078  -0.769134
1079  -0.572542
1080  -0.853289
1081  -0.868672
1082  -0.982526
1083  -0.973571
1084  -1.15312
1085  -0.946555
1086  -0.742346
1087  -0.894673
1088  -0.976639
1089  -0.366398
1090  -0.629092
1091  -0.985551
1092  -1.24746
1093  -0.665219
1094  -0.599902
1095  -0.679755
1096  -0.927089
1097  -1.35655
1098  -0.541964
1099  -0.720183
1100  -1.2609
1101  -0.944257
1102  -0.511702
1103  -0.749463
1104  -0.826126
1105  -1.20939
1106  -1.1629
1107  -0.923751
1108  -1.12671
1109  -1.03797
1110  -1.10719
1111  -1.46578
1112  -1.31487
1113  -1.62895
1114  -1.53706
1115  -1.29135
1116  -1.3147
1117  -1.30312
1118  -1.54482
1119  -1.3438
1120  -1.03012
1121  -1.2247
1122  -1.49455
1123  -1.34082
1124  -1.24562
1125  -1.00884
1126  -0.564653
1127  -1.20548
1128  -0.812827
1129  -1.00757
1130  -1.14543
1131  -0.784306
1132  -1.29954
1133  -1.15597
1134  -1.03692
1135  -1.15519
1136  -0.815974
1137  -1.31626
1138  -0.788998
1139  -1.0174
1140  -1.0342
1141  -0.928954
1142  -0.731629
1143  -1.21227
1144  -1.44407
1145  -1.07092
1146  -1.2938
1147  -0.86719
1148  -1.15983
1149  -1.01275
1150  -0.763776
1151  -1.01036
1152  -1.24117
1153  -1.13658
1154  -0.993284
1155  -1.3639
1156  -1.02767
1157  -1.20928
1158  -0.972021
1159  -0.549364
1160  -0.912427
1161  -1.22148
1162  -0.838807
1163  -1.52206
1164  -1.35521
1165  -1.07672
1166  -1.11743
1167  -1.02824
1168  -1.49254
1169  -1.03584
1170  -1.51723
1171  -1.11636
1172  -1.08129
1173  -1.12633
1174  -0.920854
1175  -1.31513
1176  -1.34123
1177  -1.43277
1178  -1.12929
1179  -1.18909
1180  -0.882557
1181  -1.19025
1182  -1.39037
1183  -1.19481
1184  -1.25365
1185  -1.25731
1186  -1.28557
1187  -1.82423
1188  -1.70507
1189  -1.21226
1190  -1.3624
1191  -1.22807
1192  -1.34914
1193  -1.40364
1194  -1.27411
1195  -1.17211
1196  -1.13736
1197  -1.65663
1198  -0.92779
1199  -1.43612
1200  -1.37334
1201  -1.1832
1202  -1.3759
1203  -1.54886
1204  -1.79551
1205  -1.6357
1206  -1.7003
1207  -1.77
1208  -1.78828
1209  -1.97742
1210  -1.95067
1211  -2.04249
1212  -1.67863
1213  -2.06201
1214  -1.7744
1215  -1.76898
1216  -1.87466
1217  -1.75227
1218  -2.07628
1219  -1.31222
1220  -1.76071
1221  -1.68259
1222  -1.64067
1223  -1.44315
1224  -1.63279
1225  -1.77818
1226  -1.73677
1227  -2.28888
1228  -2.16507
1229  -1.70993
1230  -1.85228
1231  -1.59793
1232  -1.56692
1233  -1.68859
1234  -1.68425
1235  -1.77708
1236  -1.7084
1237  -1.72866
1238  -1.93285
1239  -1.48078
1240  -1.72452
1241  -2.04361
1242  -2.10859
1243  -2.22039
1244  -1.89074
1245  -1.74652
1246  -2.26495
1247  -2.13345
1248  -2.11751
1249  -1.99239
1250  -2.13494
1251  -2.22422
1252  -2.02936
1253  -2.54703
1254  -2.19715
1255  -2.2865
1256  -1.87188
1257  -2.45104
1258  -1.93826
1259  -2.26332
1260  -2.23716
1261  -2.34952
1262  -2.11245
1263  -2.30111
1264  -2.40211
1265  -2.44775
1266  -2.3261
1267  -2.28599
1268  -2.4866
1269  -2.60428
1270  -2.17886
1271  -2.45442
1272  -2.5461
1273  -2.3275
1274  -2.319
1275  -2.68853
1276  -2.32997
1277  -2.55158
1278  -2.76556
1279  -2.59004
1280  -2.55331
1281  -2.2327
1282  -2.28625
1283  -2.15085
1284  -2.27584
1285  -2.17762
1286  -2.41764
1287  -2.36709
1288  -2.49143
1289  -2.33003
1290  -2.51113
1291  -2.4029
1292  -2.4653
1293  -2.34776
1294  -2.1181
1295  -2.10511
1296  -2.52407
1297  -2.51482
1298  -2.32681
1299  -2.2077
1300  -2.37295
1301  -2.16318
1302  -2.44807
1303  -2.36232
1304  -2.35398
1305  -2.51457
1306  -2.25284
1307  -1.96135
1308  -1.92067
1309  -1.7725
1310  -1.96925
1311  -2.32817
1312  -2.28854
1313  -2.24267
1314  -2.4922
1315  -2.31323
1316  -2.68794
1317  -2.51574
1318  -2.83464
1319  -2.61155
1320  -2.5668
1321  -2.24439
1322  -2.51724
1323  -2.46947
1324  -2.54992
1325  -2.94067
1326  -2.94141
1327  -2.92269
1328  -3.11614
1329  -3.46473
1330  -2.71946
1331  -2.65486
1332  -2.71362
1333  -2.86619
1334  -2.43916
1335  -2.53493
1336  -2.8857
1337  -2.56988
1338  -2.1486
1339  -2.42873
1340  -2.59877
1341  -2.77961
1342  -2.88696
1343  -2.6986
1344  -2.55511
1345  -2.59782
1346  -3.00568
1347  -2.57883
1348  -2.2356
1349  -2.6826
1350  -2.62437
1351  -2.67441
1352  -2.8497
1353  -2.69554
1354  -2.16586
1355  -2.21991
1356  -2.41731
1357  -3.07038
1358  -2.41879
1359  -2.73172
1360  -2.68705
1361  -2.25361
1362  -2.4182
1363  -2.12256
1364  -2.30023
1365  -2.83818
1366  -2.84552
1367  -2.66157
1368  -2.68274
1369  -2.28497
1370  -2.45944
1371  -2.42432
1372  -2.63614
1373  -2.63124
1374  -2.21659
1375  -2.20227
1376  -2.51795
1377  -2.3188
1378  -2.39292
1379  -2.32144
1380  -2.10044
1381  -2.1043
1382  -1.90915
1383  -1.83044
1384  -2.14084
1385  -2.02746
1386  -2.01606
1387  -1.8058
1388  -2.11724
1389  -1.83825
1390  -1.97709
1391  -1.84813
1392  -2.04442
1393  -1.72528
1394  -1.87199
1395  -1.96534
1396  -1.76456
1397  -2.03138
1398  -1.72835
1399  -1.42435
1400  -1.7092
1401  -1.53093
1402  -2.09366
1403  -1.78698
1404  -1.66866
1405  -1.95069
1406  -1.78435
1407  -1.88789
1408  -2.03658
1409  -1.95014
1410  -1.78376
1411  -1.56619
1412  -1.83975
1413  -1.94321
1414  -1.5529
1415  -1.98744
1416  -2.10405
1417  -2.02491
1418  -2.10104
1419  -2.49882
1420  -2.56118
1421  -2.90398
1422  -2.4955
1423  -2.5995
1424  -2.43624
1425  -2.79665
1426  -2.52997
1427  -2.26049
1428  -2.10202
1429  -2.3121
1430  -2.43392
1431  -2.35811
1432  -2.21537
1433  -1.95508
1434  -2.45756
1435  -1.77562
1436  -2.11301
1437  -2.25038
1438  -2.28452
1439  -1.90039
1440  -1.79404
1441  -2.06992
1442  -1.95331
1443  -2.10434
1444  -1.9582
1445  -1.83617
1446  -1.32424
1447  -1.76178
1448  -1.89579
1449  -2.06111
1450  -1.68478
1451  -1.90322
1452  -1.54384
1453  -1.87545
1454  -1.58696
1455  -1.94357
1456  -1.67056
1457  -1.64555
1458  -1.7674
1459  -1.62712
1460  -1.55966
1461  -1.80082
1462  -1.58814
1463  -1.92006
1464  -1.76841
1465  -2.14006
1466  -2.04906
1467  -1.63575
1468  -1.98729
1469  -1.82898
1470  -1.98093
1471  -1.47489
1472  -1.58565
1473  -1.87553
1474  -1.81855
1475  -1.38065
1476  -1.53187
1477  -1.69493
1478  -1.48665
1479  -1.79029
1480  -1.54266
1481  -1.6473
1482  -1.71811
1483  -1.69404
1484  -1.94701
1485  -1.49027
1486  -1.49078
1487  -1.83665
1488  -2.09879
1489  -1.77023
1490  -1.69734
1491  -1.68994
1492  -1.81078
1493  -1.85402
1494  -1.57226
1495  -1.76681
1496  -2.04327
1497  -1.85386
1498  -1.40594
1499  -1.64783
1500  -1.5546
1501  -1.63597
1502  -1.2877
1503  -1.84949
1504  -1.88297
1505  -1.43745
1506  -1.67273
1507  -1.52406
1508  -1.8544
1509  -1.76088
1510  -1.49557
1511  -1.50399
1512  -1.70525
1513  -1.75146
1514  -1.43119
1515  -1.65558
1516  -1.688
1517  -1.50103
1518  -1.77746
1519  -1.99498
1520  -1.7708
1521  -1.48076
1522  -1.63431
1523  -1.49609
1524  -1.3568
1525  -1.49051
1526  -1.38391
1527  -1.59392
1528  -1.60658
1529  -1.31826
1530  -1.33379
1531  -1.80932
1532  -1.69315
1533  -1.7408
1534  -2.08309
1535  -1.58195
1536  -1.36738
1537  -1.57842
1538  -1.60859
1539  -2.01221
1540  -1.41875
1541  -1.63023
1542  -1.17311
1543  -1.42668
1544  -1.58387
1545  -1.23331
1546  -1.63662
1547  -1.43651
1548  -1.56992
1549  -1.3688
1550  -1.24606
1551  -1.5622
1552  -2.22328
1553  -1.82881
1554  -1.50597
1555  -1.78596
1556  -1.93329
1557  -1.80836
1558  -2.13622
1559  -1.74263
1560  -1.51872
1561  -1.6782
1562  -1.55411
1563  -1.56202
1564  -1.82627
1565  -1.79627
1566  -1.71813
1567  -1.58175
1568  -2.07928
1569  -1.73504
1570  -1.58125
1571  -1.96794
1572  -1.79615
1573  -1.92337
1574  -2.02899
1575  -1.76583
1576  -1.92904
1577  -1.34202
1578  -1.63139
1579  -1.42382
1580  -1.48943
1581  -1.57892
1582  -1.52278
1583  -1.61611
1584  -1.53756
1585  -1.31992
1586  -1.89952
1587  -1.73553
1588  -1.59422
1589  -1.44804
1590  -1.67117
1591  -1.71657
1592  -1.65234
1593  -1.84118
1594  -1.41898
1595  -1.67745
1596  -1.31579
1597  -1.14123
1598  -1.51561
1599  -1.84216
1600  -1.40237
1601  -1.3989
1602  -1.41296
1603  -1.52178
1604  -1.85038
1605  -2.23869
1606  -1.55294
1607  -1.4128
1608  -1.63852
1609  -1.55711
1610  -1.70677
1611  -1.57579
1612  -1.76707
1613  -1.37539
1614  -1.94514
1615  -2.07599
1616  -1.90829
1617  -1.78716
1618  -1.52893
1619  -1.76099
1620  -1.91571
1621  -2.38875
1622  -1.47766
1623  -1.67008
1624  -1.55658
1625  -1.35945
1626  -2.07382
1627  -1.67769
1628  -1.72722
1629  -1.51982
1630  -1.44507
1631  -1.13889
1632  -1.58899
1633  -1.73045
1634  -1.78127
1635  -1.75745
1636  -1.31985
1637  -1.53589
1638  -1.33228
1639  -1.68406
1640  -1.85765
1641  -1.89421
1642  -1.76167
1643  -1.54542
1644  -2.03639
1645  -1.95254
1646  -1.79628
1647  -1.603
1648  -1.63014
1649  -1.63057
1650  -1.32582
1651  -2.00437
1652  -1.42167
1653  -1.38712
1654  -1.95311
1655  -1.55804
1656  -1.93061
1657  -1.68856
1658  -1.62354
1659  -1.7193
1660  -1.53064
1661  -1.42837
1662  -1.3423
1663  -1.48013
1664  -1.53559
1665  -1.40441
1666  -1.96579
1667  -1.62802
1668  -1.42034
1669  -1.54946
1670  -1.52491
1671  -1.3698
1672  -1.71313
1673  -1.58125
1674  -1.70344
1675  -1.55611
1676  -1.93573
1677  -1.69064
1678  -1.14642
1679  -1.97872
1680  -1.67461
1681  -1.90563
1682  -1.86352
1683  -1.34028
1684  -1.70683
1685  -1.97723
1686  -1.81862
1687  -1.45097
1688  -1.33763
1689  -1.40116
1690  -1.80131
1691  -1.48922
1692  -1.18225
1693  -1.63189
1694  -1.31379
1695  -1.3743
1696  -1.28397
1697  -1.35973
1698  -1.48323
1699  -1.57589
1700  -1.6838
1701  -1.59881
1702  -1.42936
1703  -1.33332
1704  -1.40917
1705  -1.36705
1706  -1.51449
1707  -1.45501
1708  -0.878105
1709  -1.45905
1710  -1.43486
1711  -1.71917
1712  -1.28901
1713  -1.33426
1714  -1.60333
1715  -1.80006
1716  -1.42658
1717  -1.53341
1718  -1.26202
1719  -1.24939
1720  -1.41017
1721  -1.53963
1722  -1.47519
1723  -1.22781
1724  -1.3863
1725  -1.68617
1726  -1.34078
1727  -1.96564
1728  -1.85354
1729  -1.49606
1730  -1.90206
1731  -1.69253
1732  -1.95357
1733  -2.12386
1734  -2.04882
1735  -1.77465
1736  -2.37435
1737  -2.02575
1738  -2.05437
1739  -2.03037
1740  -1.84133
1741  -1.95362
1742  -2.44305
1743  -2.16666
1744  -2.07766
1745  -1.98226
1746  -2.19619
1747  -2.44358
1748  -2.17745
1749  -2.05998
1750  -2.27435
1751  -1.86312
1752  -2.36404
1753  -2.11035
1754  -2.51375
1755  -2.21308
1756  -2.00017
1757  -1.9866
1758  -2.412
1759  -1.78759
1760  -1.7634
1761  -1.83273
1762  -1.63845
1763  -1.88279
1764  -2.09018
1765  -1.63265
1766  -1.67236
1767  -1.71088
1768  -1.48297
1769  -1.53991
1770  -2.02442
1771  -1.90514
1772  -1.64713
1773  -1.98401
1774  -2.01412
1775  -2.03187
1776  -1.77099
1777  -1.98189
1778  -2.21721
1779  -1.60221
1780  -2.09326
1781  -2.43256
1782  -2.12458
1783  -2.34121
1784  -2.06225
1785  -1.95922
1786  -2.11168
1787  -2.2385
1788  -2.15593
1789  -2.35584
1790  -2.14856
1791  -1.9592
1792  -2.16949
1793  -1.9552
1794  -2.04543
1795  -1.86629
1796  -1.68246
1797  -1.8614
1798  -1.13894
1799  -1.56365
1800  -1.63336
1801  -1.72098
1802  -1.70915
1803  -1.57128
1804  -1.97029
1805  -1.68035
1806  -1.85843
1807  -1.37742
1808  -1.48428
1809  -1.65396
1810  -1.66424
1811  -2.14906
1812  -1.59937
1813  -1.77598
1814  -1.92537
1815  -1.80035
1816  -1.93247
1817  -1.8327
1818  -2.12028
1819  -1.62799
1820  -1.78612
1821  -2.10209
1822  -1.69225
1823  -1.71241
1824  -1.48143
1825  -1.7848
1826  -1.68284
1827  -1.59239
1828  -1.64108
1829  -1.82375
1830  -1.56966
1831  -1.87735
1832  -1.77766
1833  -1.8517
1834  -1.73614
1835  -1.34321
1836  -1.49526
1837  -1.63228
1838  -1.78128
1839  -1.58003
1840  -1.19658
1841  -1.56598
1842  -1.33984
1843  -1.68865
1844  -1.3934
1845  -1.69807
1846  -1.29347
1847  -1.17799
1848  -1.76633
1849  -1.42189
1850  -1.51076
1851  -1.01671
1852  -0.947743
1853  -1.54676
1854  -1.24348
1855  -1.53792
1856  -1.32437
1857  -1.4135
1858  -1.59624
1859  -1.38444
1860  -1.18648
1861  -1.2755
1862  -1.33998
1863  -1.16867
1864  -1.26283
1865  -1.33345
1866  -1.20972
1867  -1.037
1868  -1.21814
1869  -1.31856
1870  -1.28816
1871  -1.48558
1872  -1.33868
1873  -1.2011
1874  -1.33772
1875  -1.0437
1876  -1.12701
1877  -1.2826
1878  -1.4731
1879  -1.74979
1880  -1.56835
1881  -1.87849
1882  -1.68951
1883  -1.3585
1884  -1.13993
1885  -1.38842
1886  -1.25402
1887  -1.61091
1888  -1.19957
1889  -1.36356
1890  -1.55796
1891  -1.57225
1892  -1.44064
1893  -1.26664
1894  -1.397
1895  -1.59756
1896  -1.7079
1897  -1.1122
1898  -1.27793
1899  -1.64321
1900  -1.36795
1901  -1.11543
1902  -1.00378
1903  -1.42475
1904  -1.43254
1905  -1.19862
1906  -1.72064
1907  -1.41389
1908  -1.31449
1909  -1.03096
1910  -1.70424
1911  -1.53832
1912  -0.90395
1913  -1.56328
1914  -1.18751
1915  -1.13225
1916  -1.75901
1917  -0.952914
1918  -0.910391
1919  -1.00385
1920  -1.43827
1921  -1.79961
1922  -1.63257
1923  -1.03735
1924  -1.10451
1925  -1.59124
1926  -1.25852
1927  -1.60123
1928  -1.56149
1929  -1.23201
1930  -0.894298
1931  -1.25432
1932  -1.39166
1933  -1.65469
1934  -1.5287
1935  -1.44637
1936  -1.32257
1937  -1.3365
1938  -1.30386
1939  -1.51661
1940  -1.32759
1941  -1.41586
1942  -1.28614
1943  -1.87466
1944  -1.64791
1945  -1.42852
1946  -1.02808
1947  -1.50987
1948  -1.15022
1949  -1.38
1950  -1.72854
1951  -1.70314
1952  -1.205
1953  -1.19393
1954  -1.28079
1955  -1.33611
1956  -1.30165
1957  -0.865854
1958  -1.23989
1959  -1.57751
1960  -1.02385
1961  -1.51648
1962  -1.48095
1963  -1.31144
1964  -1.46386
1965  -1.36461
1966  -1.25788
1967  -1.38414
1968  -1.89089
1969  -1.11171
1970  -1.66498
1971  -1.55091
1972  -1.75605
1973  -1.95524
1974  -1.66139
1975  -1.18092
1976  -1.54412
1977  -2.06666
1978  -1.2543
1979  -1.70819
1980  -1.95672
1981  -1.7812
1982  -1.95591
1983  -1.75525
1984  -1.54885
1985  -1.83213
1986  -2.01041
1987  -1.81893
1988  -1.41402
1989  -1.66052
1990  -1.60989
1991  -1.68585
1992  -1.35543
1993  -1.37142
1994  -1.32161
1995  -1.39652
1996  -1.16763
1997  -1.0594
1998  -1.18739
1999  -1.46141
2000  -1.30033
2001  -1.25788
2002  -1.71807
2003  -1.43736
2004  -1.44822
2005  -1.63811
2006  -1.35102
2007  -1.54199
2008  -1.2962
2009  -1.32317
2010  -1.63255
2011  -1.23709
2012  -0.954324
2013  -1.11267
2014  -1.21895
2015  -1.56421
2016  -1.34847
2017  -1.20276
2018  -1.31311
2019  -1.40126
2020  -1.52851
2021  -1.56125
2022  -1.42094
2023  -1.49879
2024  -1.575
2025  -1.72007
2026  -1.4862
2027  -1.44031
2028  -1.3285
2029  -1.57911
2030  -1.56289
2031  -1.0962
2032  -1.55516
2033  -1.46628
2034  -1.38418
2035  -1.50349
2036  -1.05296
2037  -1.21111
2038  -1.69413
2039  -1.51038
2040  -1.01396
2041  -1.32719
2042  -1.37398
2043  -1.28454
2044  -1.22909
2045  -1.47794
2046  -1.69821
2047  -1.38243
2048  -0.880457
2049  -1.5709
2050  -1.4565
2051  -1.13393
2052  -1.46076
2053  -1.44766
2054  -1.42236
2055  -0.968679
2056  -0.917127
2057  -1.30972
2058  -1.36409
2059  -1.1429
2060  -1.62084
2061  -1.24361
2062  -1.18937
2063  -1.33972
2064  -1.61696
2065  -1.71856
2066  -1.21968
2067  -1.58291
2068  -1.14827
2069  -1.54479
2070  -1.56873
2071  -1.10561
2072  -1.32906
2073  -1.32266
2074  -1.40802
2075  -1.23461
2076  -1.24075
2077  -1.2955
2078  -1.10396
2079  -1.31145
2080  -1.33927
2081  -1.24424
2082  -1.50386
2083  -1.62678
2084  -1.58236
2085  -1.86135
2086  -1.57684
2087  -1.32683
2088  -1.63857
2089  -1.54037
2090  -1.5167
2091  -1.79822
2092  -1.58383
2093  -1.84506
2094  -1.54237
2095  -1.72678
2096  -1.53932
2097  -1.6362
2098  -1.54487
2099  -1.22153
2100  -1.37571
2101  -1.55569
2102  -1.68879
2103  -1.40851
2104  -1.40043
2105  -1.48894
2106  -1.78296
2107  -1.74208
2108  -1.50578
2109  -1.55295
2110  -1.00175
2111  -1.00884
2112  -1.19134
2113  -1.09483
2114  -1.38004
2115  -1.19624
2116  -1.25969
2117  -1.15514
2118  -1.31987
2119  -1.19002
2120  -1.58764
2121  -1.43159
2122  -1.00309
2123  -1.49444
2124  -2.00249
2125  -1.57101
2126  -1.31614
2127  -1.1664
2128  -1.57316
2129  -1.25347
2130  -1.32203
2131  -1.14024
2132  -1.69603
2133  -1.45906
2134  -1.2259
2135  -1.29859
2136  -1.36382
2137  -0.935436
2138  -1.4773
2139  -1.13657
2140  -1.11418
2141  -1.09889
2142  -1.91611
2143  -1.53417
2144  -0.839504
2145  -1.58517
2146  -1.71101
2147  -1.47287
2148  -1.14705
2149  -1.15914
2150  -1.3964
2151  -1.38114
2152  -1.58058
2153  -1.3031
2154  -1.48949
2155  -1.32316
2156  -1.52564
2157  -1.27962
2158  -1.61674
2159  -1.72165
2160  -1.72608
2161  -1.6419
2162  -1.06935
2163  -1.7942
2164  -1.87679
2165  -1.61119
2166  -1.66576
2167  -1.86312
2168  -1.92106
2169  -1.74048
2170  -2.02295
2171  -1.75728
2172  -1.91852
2173  -2.27495
2174  -2.03842
2175  -2.41853
2176  -2.18292
2177  -1.74545
2178  -1.99031
2179  -1.86304
2180  -1.5682
2181  -1.55817
2182  -1.67884
2183  -1.98581
2184  -1.7123
2185  -1.54548
2186  -1.38762
2187  -1.49712
2188  -1.45778
2189  -1.80571
2190  -1.59418
2191  -1.53018
2192  -1.20564
2193  -1.40298
2194  -1.5669
2195  -1.42114
2196  -1.50954
2197  -1.50395
2198  -1.33286
2199  -1.52326
2200  -1.61842
2201  -1.57246
2202  -1.83364
2203  -1.56811
2204  -1.89426
2205  -1.69102
2206  -2.00215
2207  -2.41558
2208  -2.20443
2209  -1.84913
2210  -1.84773
2211  -2.00735
2212  -2.11448
2213  -1.93909
2214  -1.39005
2215  -1.80674
2216  -1.99463
2217  -2.13376
2218  -2.20319
2219  -1.96473
2220  -1.77235
2221  -1.94477
2222  -1.60023
2223  -1.50687
2224  -1.61149
2225  -2.0798
2226  -1.16255
2227  -1.58124
2228  -1.51245
2229  -1.37866
2230  -1.43202
2231  -1.37854
2232  -1.49938
2233  -1.51012
2234  -1.78088
2235  -1.57728
2236  -1.77382
2237  -1.62851
2238  -1.88265
2239  -1.27412
2240  -1.31503
2241  -1.21305
2242  -1.28155
2243  -1.24296
2244  -1.50693
2245  -1.699
2246  -1.1928
2247  -1.4171
2248  -1.23407
2249  -1.89577
2250  -2.0591
2251  -1.69058
2252  -1.09764
2253  -1.86829
2254  -1.49925
2255  -1.53402
2256  -1.73063
2257  -1.59341
2258  -1.23411
2259  -1.15449
2260  -1.47062
2261  -1.81591
2262  -1.5027
2263  -1.24779
2264  -1.18816
2265  -1.67735
2266  -1.6832
2267  -1.43268
2268  -1.83815
2269  -1.68556
2270  -1.49703
2271  -1.71365
2272  -1.63193
2273  -1.5766
2274  -1.60366
2275  -1.32665
2276  -1.70901
2277  -1.5752
2278  -1.447
2279  -1.73467
2280  -1.3867
2281  -2.03491
2282  -1.17339
2283  -1.31335
2284  -1.63647
2285  -1.27723
2286  -1.56185
2287  -1.11115
2288  -1.41892
2289  -1.74335
2290  -1.7559
2291  -1.4029
2292  -1.50629
2293  -1.15298
2294  -1.60019
2295  -1.54755
2296  -1.7079
2297  -1.4227
2298  -1.83523
2299  -1.56605
2300  -1.93424
2301  -1.47907
2302  -1.41478
2303  -1.77019
2304  -1.97382
2305  -1.6335
2306  -1.70644
2307  -1.71375
2308  -1.62215
2309  -1.54759
2310  -1.50333
2311  -2.07516
2312  -2.11167
2313  -1.6467
2314  -1.03462
2315  -1.17315
2316  -1.55378
2317  -1.65821
2318  -1.60759
2319  -1.38471
2320  -1.57238
2321  -1.698
2322  -1.48746
2323  -1.68514
2324  -1.15956
2325  -1.4344
2326  -1.48853
2327  -1.14828
2328  -1.34078
2329  -1.31118
2330  -1.36609
2331  -1.31634
2332  -1.45159
2333  -1.5742
2334  -1.201
2335  -1.29814
2336  -1.60568
2337  -1.72214
2338  -1.67073
2339  -1.70692
2340  -1.5219
2341  -1.77951
2342  -1.57681
2343  -1.45615
2344  -1.86825
2345  -1.42545
2346  -1.55157
2347  -2.09189
2348  -1.83161
2349  -1.53017
2350  -1.75624
2351  -1.70992
2352  -1.35275
2353  -1.9286
2354  -1.51775
2355  -1.5451
2356  -1.95926
2357  -1.60677
2358  -1.85732
2359  -1.42146
2360  -1.85124
2361  -1.08048
2362  -1.47431
2363  -1.68767
2364  -1.39313
2365  -1.89545
2366  -1.80764
2367  -1.61745
2368  -1.68775
2369  -1.36334
2370  -1.47076
2371  -1.64034
2372  -1.75828
2373  -1.42454
2374  -1.48367
2375  -1.72865
2376  -1.67317
2377  -1.50577
2378  -1.17386
2379  -1.13189
2380  -1.50307
2381  -1.73369
2382  -1.47085
2383  -1.54738
2384  -1.54042
2385  -1.92172
2386  -2.01298
2387  -2.06409
2388  -2.19168
2389  -2.38649
2390  -2.15659
2391  -2.20481
2392  -1.7185
2393  -2.09937
2394  -1.99404
2395  -1.95212
2396  -2.21824
2397  -1.67237
2398  -1.83475
2399  -1.65563
2400  -1.27497
2401  -2.0348
2402  -2.23943
2403  -2.01715
2404  -2.13957
2405  -2.12606
2406  -2.41405
2407  -1.82377
2408  -2.28071
2409  -2.02697
2410  -1.87666
2411  -1.73336
2412  -1.73984
2413  -1.69935
2414  -1.78371
2415  -1.25903
2416  -1.28943
2417  -1.56162
2418  -1.81649
2419  -1.44295
2420  -1.82658
2421  -1.36217
2422  -1.6337
2423  -1.81462
2424  -1.42601
2425  -1.68872
2426  -1.44475
2427  -1.72265
2428  -2.14523
2429  -1.93372
2430  -1.71186
2431  -1.01688
2432  -1.79031
2433  -1.64945
2434  -1.7557
2435  -1.83025
2436  -1.62111
2437  -1.34103
2438  -1.62613
2439  -1.98719
2440  -1.99737
2441  -1.48566
2442  -1.19201
2443  -1.57005
2444  -1.57831
2445  -1.47409
2446  -1.62861
2447  -1.08834
2448  -1.3422
2449  -1.54226
2450  -1.3721
2451  -1.65306
2452  -1.54185
2453  -1.8557
2454  -1.64507
2455  -1.07642
2456  -1.53269
2457  -1.77243
2458  -1.17566
2459  -1.60433
2460  -1.46703
2461  -1.34673
2462  -1.67425
2463  -1.27397
2464  -1.13966
2465  -1.43945
2466  -1.11615
2467  -1.35285
2468  -1.03145
2469  -1.3262
2470  -1.05905
2471  -0.894523
2472  -1.28665
2473  -1.75581
2474  -1.4895
2475  -1.61145
2476  -1.46013
2477  -1.32236
2478  -1.42662
2479  -1.69774
2480  -1.53104
2481  -1.49034
2482  -1.41797
2483  -1.78387
2484  -1.56834
2485  -1.52838
2486  -1.50127
2487  -1.21801
2488  -1.336
2489  -1.03957
2490  -1.66475
2491  -1.50889
2492  -1.42685
2493  -1.3078
2494  -1.4673
2495  -1.29339
2496  -1.76292
2497  -1.75508
2498  -1.31965
2499  -1.42119
