0  -0.11104
1  0.00496633
2  -0.356794
3  -0.406395
4  -0.253221
5  -0.238756
6  -0.13407
7  -0.343567
8  0.0647182
9  0.13703
10  0.0858773
11  -0.302183
12  -0.180837
13  0.349596
14  -0.433984
15  -0.00361425
16  0.0034018
17  0.292769
18  0.190721
19  0.0435929
20  -0.0543572
21  0.0919606
22  0.307402
23  0.36577
24  0.10501
25  0.372409
26  -0.243973
27  -0.0978065
28  0.212492
29  0.470718
30  -0.220132
31  0.117291
32  0.102895
33  0.0507338
34  0.413857
35  -0.177281
36  0.193036
37  0.244374
38  -0.00940613
39  0.150284
40  0.341202
41  -0.391111
42  0.177999
43  0.0911744
44  0.112679
45  -0.146133
46  -0.580038
47  0.231322
48  0.310095
49  -0.0897815
50  -0.114052
51  0.149376
52  0.528031
53  0.00710917
54  0.64692
55  0.504703
56  -0.207035
57  0.0736314
58  0.181062
59  -0.120698
60  0.161953
61  0.0388331
62  -0.33458
63  -0.242569
64  0.0278676
65  0.116927
66  0.120884
67  -0.125932
68  -0.123088
69  -0.212264
70  0.144906
71  0.411929
72  0.0307372
73  0.143147
74  0.249463
75  0.487141
76  0.119607
77  0.0656535
78  0.220207
79  -0.00882477
80  0.014316
81  0.153529
82  0.299601
83  -0.451559
84  0.117118
85  0.149519
86  0.247621
87  -0.0835065
88  0.291516
89  0.228316
90  0.117496
91  -0.416351
92  0.295982
93  0.299827
94  -0.0432892
95  0.243958
96  0.222685
97  0.0788075
98  0.290002
99  -0.0837463
100  -0.132048
101  -0.294154
102  -0.354004
103  -0.0181868
104  0.246341
105  -0.10206
106  0.154686
107  -0.193405
108  -0.360476
109  -0.164975
110  -0.631376
111  0.0882595
112  0.0508892
113  -0.192073
114  0.0262375
115  0.169462
116  0.109197
117  0.20995
118  -0.539348
119  0.305357
120  -0.0293
121  -0.320835
122  0.26021
123  0.312731
124  0.474217
125  -0.138755
126  -0.191818
127  0.0704073
128  0.0837273
129  -0.353178
130  -0.295966
131  -0.0830647
132  0.400925
133  0.338508
134  0.136571
135  0.277953
136  0.213144
137  -0.257012
138  -0.405941
139  -0.272758
140  0.142553
141  0.00775338
142  0.169486
143  -0.198261
144  0.0467915
145  -0.0449515
146  0.13111
147  0.11295
148  0.0629645
149  0.182296
150  -0.166424
151  -0.367724
152  -0.398905
153  -0.462171
154  0.0361421
155  0.118408
156  -0.374578
157  0.149176
158  -0.0611808
159  0.324819
160  0.215614
161  0.115548
162  -0.363522
163  0.325369
164  0.697276
165  0.295922
166  0.204117
167  0.486447
168  0.116847
169  -0.107879
170  -0.174568
171  -0.334663
172  -0.420993
173  -0.202822
174  0.386671
175  -0.269853
176  0.178092
177  0.204331
178  0.0765544
179  0.312581
180  0.264358
181  0.0331759
182  -0.326567
183  -0.117329
184  -0.384564
185  0.426736
186  0.0963535
187  -0.236793
188  -0.384452
189  -0.333069
190  -0.151915
191  -0.0156784
192  0.335123
193  0.590914
194  -0.175898
195  0.196564
196  -0.0267942
197  0.260347
198  -0.332136
199  -0.284517
200  -0.0374369
201  0.0583852
202  0.0161829
203  0.277741
204  -0.0826515
205  -0.221648
206  0.00685224
207  0.0788701
208  -0.0184168
209  -0.0238725
210  -0.191827
211  0.0889829
212  0.143694
213  -0.183388
214  0.0246825
215  0.024694
216  0.0871827
217  -0.310234
218  0.0903306
219  -0.00808449
220  -0.28287
221  -0.203814
222  -0.0313491
223  -0.0748723
224  0.132482
225  -0.382785
226  -0.381891
227  0.276863
228  0.296406
229  -0.235576
230  -0.0969449
231  -0.334797
232  -0.442314
233  -0.0172655
234  0.0410596
235  0.220384
236  0.0142841
237  -0.115417
238  -0.529677
239  -0.655319
240  -0.210573
241  -0.171115
242  -0.235757
243  0.0801199
244  -0.0433044
245  -0.685915
246  -0.000371675
247  -0.243026
248  0.0954945
249  -0.100593
250  -0.13019
251  -0.297828
252  -0.479036
253  -0.591505
254  -0.144571
255  -0.293443
256  -0.285048
257  -0.130599
258  0.0313153
259  0.287089
260  0.076449
261  -0.153798
262  0.125788
263  -0.351551
264  -0.268851
265  0.737513
266  -0.395034
267  -0.0693346
268  -0.424219
269  -0.143306
270  -0.164204
271  0.0356242
272  0.185108
273  -0.248723
274  -0.143266
275  -0.122648
276  0.0264852
277  0.431902
278  -0.0919793
279  0.104558
280  0.297346
281  0.0378483
282  -0.166584
283  0.110204
284  0.0933213
285  -0.263052
286  0.266338
287  0.178175
288  0.230744
289  0.0412081
290  0.420893
291  -0.209271
292  0.317748
293  -0.17349
294  -0.375788
295  0.149366
296  0.0247841
297  -0.00821544
298  -0.120719
299  0.667069
300  0.397338
301  0.340959
302  0.132185
303  0.238215
304  0.241602
305  0.337593
306  -0.200269
307  0.063317
308  0.202835
309  0.24506
310  -0.498682
311  0.156956
312  -0.0796098
313  -0.297396
314  0.519399
315  -0.202669
316  0.283376
317  -0.0832629
318  0.715368
319  -0.238
320  -0.445693
321  -0.07514
322  -0.256195
323  0.421749
324  -0.143091
325  0.16275
326  -0.576353
327  0.153669
328  0.358822
329  -0.222367
330  0.332907
331  0.292017
332  -0.0106298
333  0.273637
334  0.0453317
335  0.373739
336  0.116756
337  -0.437674
338  -0.212266
339  -0.568021
340  -0.426627
341  -0.100935
342  -0.118865
343  0.255153
344  0.192337
345  0.187044
346  -0.13537
347  0.244378
348  -0.343753
349  0.0834643
350  -0.234853
351  0.256275
352  0.099674
353  0.182469
354  -0.344567
355  -0.263333
356  0.0644276
357  0.293197
358  0.104037
359  0.198058
360  -0.105977
361  0.73191
362  0.113648
363  0.00889649
364  0.154644
365  0.281903
366  0.526718
367  -0.170268
368  -0.123632
369  -0.0515328
370  -0.0393824
371  -0.512347
372  -0.232486
373  -0.208561
374  -0.0979693
375  -0.113679
376  -0.106418
377  -0.03619
378  -0.0244454
379  -0.203971
380  0.17182
381  0.00196363
382  -0.297872
383  0.230338
384  0.0500396
385  -0.223245
386  -0.433726
387  0.400446
388  -0.12102
389  -0.378964
390  0.112002
391  -0.122804
392  -0.452891
393  -0.45877
394  -0.572821
395  -0.0540857
396  0.133308
397  -0.508587
398  0.0794069
399  -0.0369985
400  -0.42241
401  -0.121139
402  -0.273302
403  -0.0216891
404  0.14186
405  -0.0472752
406  0.154289
407  -0.232348
408  0.00838349
409  0.0445632
410  -0.0777074
411  0.128851
412  0.507186
413  0.0359262
414  -0.179403
415  0.165943
416  0.0821775
417  -0.0831606
418  0.104041
419  -0.393026
420  -0.346675
421  0.23422
422  0.0530062
423  0.169136
424  0.27924
425  -0.121915
426  -0.254987
427  -0.242821
428  0.0269861
429  -0.176616
430  0.117307
431  0.144822
432  -0.601823
433  -0.224877
434  0.0973599
435  -0.181122
436  -0.227428
437  -0.280985
438  -0.0202332
439  -0.279737
440  -0.153429
441  0.148344
442  0.0233565
443  -0.116702
444  0.204686
445  0.0420004
446  0.112121
447  -0.140536
448  0.440637
449  0.316888
450  -0.295883
451  -0.000714576
452  -0.024834
453  0.106462
454  -0.0356722
455  -0.167144
456  -0.0564187
457  -0.23712
458  -0.305663
459  0.284283
460  0.265912
461  -0.347336
462  0.245258
463  0.105081
464  -0.0416821
465  0.0762256
466  0.0821521
467  0.178565
468  -0.151085
469  0.041871
470  -0.227408
471  0.315704
472  0.359154
473  -0.166088
474  -0.475818
475  -0.188553
476  -0.0306014
477  0.226674
478  -0.163605
479  0.12523
480  -0.14685
481  -0.0167747
482  0.444188
483  0.18528
484  -0.0356468
485  -0.124645
486  -0.449724
487  -0.173321
488  -0.137112
489  -0.135301
490  0.158065
491  -0.0239913
492  -0.222798
493  -0.108601
494  0.0831023
495  -0.0831856
496  -0.132719
497  0.0211606
498  -0.708434
499  -0.901453
500  -1.12501
501  -1.81914
502  -3.06568
503  -5.84578
504  -8.94433
505  -15.247
506  -25.7027
507  -46.5076
508  -86.1767
509  -154.726
510  -263.163
511  -415.418
512  -614.277
513  -846.969
514  -1094.17
515  -1347.65
516  -1585.99
517  -1790.35
518  -1937.91
519  -2014.38
520  -2018.71
521  -1961.38
522  -1854.74
523  -1712.4
524  -1550.06
525  -1382.15
526  -1219.79
527  -1068.64
528  -931.038
529  -808.489
530  -703.654
531  -612.908
532  -535.857
533  -469.445
534  -413.521
535  -366.878
536  -327.14
537  -293.645
538  -265.791
539  -242.118
540  -221.953
541  -205.407
542  -191.163
543  -179.34
544  -169.212
545  -161.169
546  -153.595
547  -147.795
548  -142.879
549  -138.039
550  -134.645
551  -130.819
552  -128.005
553  -125.289
554  -122.7
555  -120.356
556  -117.554
557  -114.368
558  -111.284
559  -108.587
560  -104.886
561  -100.306
562  -96.4646
563  -92.5044
564  -88.7409
565  -84.6861
566  -81.1602
567  -78.0608
568  -74.477
569  -71.6765
570  -69.3493
571  -67.0442
572  -65.197
573  -63.0606
574  -60.0646
575  -59.0633
576  -57.3436
577  -55.2546
578  -53.9436
579  -52.7276
580  -50.8356
581  -48.9912
582  -48.3715
583  -46.9723
584  -45.9274
585  -45.4526
586  -44.1221
587  -43.8811
588  -42.5285
589  -41.7041
590  -41.2304
591  -40.054
592  -39.1195
593  -37.8713
594  -38.0243
595  -37.1968
596  -36.5203
597  -35.8169
598  -34.3758
599  -33.842
600  -33.3273
601  -32.6333
602  -32.0677
603  -30.856
604  -30.4756
605  -30.2479
606  -29.3449
607  -28.7212
608  -28.3001
609  -27.879
610  -28.0452
611  -27.7306
612  -26.7605
613  -27.0301
614  -27.0842
615  -25.4397
616  -25.4717
617  -24.5273
618  -24.6671
619  -23.9278
620  -22.8725
621  -21.8927
622  -21.9163
623  -21.3631
624  -21.1297
625  -21.563
626  -20.0873
627  -19.9296
628  -19.4484
629  -19.7714
630  -20.1045
631  -19.8748
632  -20.0669
633  -20.1966
634  -20.5016
635  -20.1343
636  -19.6932
637  -20.092
638  -19.5814
639  -19.6231
640  -18.9851
641  -18.7897
642  -18.1005
643  -16.9249
644  -16.9521
645  -16.7337
646  -16.5728
647  -15.6995
648  -15.9032
649  -15.3966
650  -14.5659
651  -14.2495
652  -14.5873
653  -14.6506
654  -14.3664
655  -13.6885
656  -13.9842
657  -14.0695
658  -13.0073
659  -13.1451
660  -12.668
661  -12.3436
662  -12.286
663  -11.988
664  -11.9127
665  -11.9701
666  -12.0761
667  -11.4596
668  -11.5686
669  -11.6056
670  -11.0023
671  -11.1703
672  -10.8025
673  -10.4429
674  -10.8092
675  -10.7254
676  -10.9105
677  -10.1786
678  -9.92982
679  -10.2965
680  -9.8264
681  -8.98178
682  -8.96163
683  -9.03621
684  -9.11275
685  -8.53079
686  -8.76468
687  -8.49661
688  -8.42283
689  -8.87357
690  -9.05985
691  -8.45232
692  -8.01605
693  -8.18254
694  -8.18946
695  -8.12409
696  -7.82987
697  -7.6696
698  -8.19663
699  -7.82012
700  -7.41114
701  -7.71861
702  -7.47391
703  -7.25034
704  -7.17267
705  -7.22589
706  -7.22669
707  -7.14073
708  -6.65937
709  -7.19519
710  -7.64512
711  -6.90382
712  -6.60145
713  -6.44445
714  -7.13245
715  -7.22204
716  -7.0457
717  -7.32295
718  -6.62357
719  -6.60522
720  -6.63165
721  -6.49906
722  -6.32759
723  -6.31243
724  -5.99686
725  -5.90628
726  -6.39082
727  -5.75797
728  -5.58775
729  -5.48517
730  -5.59223
731  -5.8493
732  -6.05143
733  -5.7755
734  -6.42417
735  -6.39588
736  -6.27293
737  -6.41972
738  -6.53997
739  -7.35266
740  -7.35342
741  -7.18785
742  -7.45055
743  -7.35277
744  -6.6832
745  -6.48841
746  -6.44616
747  -6.51447
748  -6.42422
749  -5.548
750  -5.68222
751  -5.39339
752  -5.12594
753  -5.33302
754  -5.09926
755  -4.90904
756  -4.63163
757  -4.70935
758  -4.23701
759  -4.3997
760  -4.53395
761  -3.84691
762  -3.58828
763  -2.9058
764  -2.34948
765  -3.04514
766  -2.92266
767  -2.8305
768  -2.90123
769  -2.94764
770  -2.73097
771  -3.38642
772  -3.33373
773  -3.61903
774  -3.94385
775  -3.72363
776  -3.84993
777  -3.78281
778  -3.71266
779  -3.67619
780  -3.3153
781  -3.74239
782  -3.72464
783  -4.08881
784  -4.3256
785  -4.00656
786  -3.90689
787  -4.62211
788  -3.79154
789  -3.6448
790  -3.55488
791  -3.63365
792  -3.60776
793  -3.70807
794  -3.99614
795  -4.18768
796  -4.14525
797  -3.76064
798  -3.74484
799  -3.45795
800  -3.9813
801  -3.23385
802  -3.01903
803  -3.56816
804  -3.40087
805  -3.86739
806  -3.70011
807  -3.45407
808  -3.07712
809  -3.11829
810  -3.31527
811  -3.32673
812  -3.46274
813  -3.50594
814  -3.74055
815  -3.65537
816  -3.11842
817  -3.34752
818  -3.09988
819  -3.7547
820  -3.23867
821  -3.31387
822  -3.32131
823  -3.19478
824  -2.5473
825  -3.42894
826  -2.62708
827  -2.54719
828  -3.33213
829  -2.8692
830  -3.16266
831  -3.1164
832  -3.05651
833  -3.17444
834  -3.28001
835  -2.97009
836  -1.94926
837  -2.70486
838  -2.78767
839  -2.65656
840  -2.52804
841  -3.01569
842  -2.61983
843  -3.13775
844  -3.05839
845  -2.75435
846  -2.68171
847  -2.06614
848  -2.75304
849  -2.77426
850  -2.80294
851  -2.26541
852  -2.67204
853  -2.72075
854  -2.7552
855  -2.43796
856  -2.6737
857  -2.69875
858  -2.5055
859  -2.27801
860  -2.49626
861  -2.26811
862  -2.7451
863  -2.97519
864  -2.55761
865  -2.76091
866  -2.4312
867  -2.39565
868  -2.09595
869  -2.39245
870  -3.18099
871  -2.89332
872  -2.40506
873  -2.49055
874  -2.4038
875  -2.1908
876  -2.75669
877  -2.37504
878  -2.49284
879  -2.52165
880  -2.31394
881  -2.14608
882  -2.3918
883  -2.36176
884  -2.38638
885  -2.27323
886  -2.26829
887  -2.35137
888  -2.04287
889  -1.81387
890  -2.2556
891  -2.62149
892  -2.4544
893  -1.95941
894  -2.41746
895  -2.16348
896  -1.98435
897  -2.32215
898  -2.27736
899  -2.55159
900  -2.16661
901  -2.1886
902  -2.11391
903  -2.38351
904  -2.39347
905  -2.05938
906  -2.49451
907  -2.14097
908  -2.17288
909  -2.36788
910  -1.89938
911  -2.39181
912  -2.24618
913  -2.12264
914  -2.04414
915  -1.96246
916  -1.77417
917  -2.36254
918  -1.98862
919  -1.81058
920  -1.98258
921  -1.80043
922  -1.95714
923  -2.24867
924  -2.0102
925  -1.79136
926  -1.74835
927  -1.81636
928  -1.808
929  -2.13294
930  -2.22001
931  -1.44742
932  -1.5562
933  -1.96934
934  -2.15154
935  -1.87124
936  -1.57787
937  -1.95217
938  -1.14938
939  -1.90386
940  -1.8086
941  -2.48852
942  -1.87123
943  -1.88457
944  -1.83513
945  -2.08152
946  -2.04741
947  -1.61359
948  -1.95047
949  -1.93966
950  -1.45878
951  -1.62242
952  -1.57981
953  -1.32738
954  -1.21017
955  -2.15077
956  -2.13242
957  -2.13668
958  -2.13387
959  -1.96728
960  -1.60021
961  -1.93727
962  -1.78178
963  -1.46176
964  -1.70657
965  -2.14515
966  -1.87124
967  -1.88063
968  -2.17045
969  -1.46903
970  -1.68817
971  -1.95832
972  -2.05139
973  -1.99542
974  -1.36267
975  -1.60646
976  -2.09343
977  -2.00588
978  -1.98525
979  -1.69234
980  -1.99684
981  -1.62849
982  -1.42001
983  -1.56129
984  -1.96203
985  -1.26364
986  -1.75579
987  -1.26484
988  -1.3059
989  -1.86604
990  -1.55299
991  -1.49424
992  -1.5499
993  -1.60618
994  -1.61888
995  -1.50379
996  -1.47694
997  -1.80466
998  -1.56362
999  -1.44444
1000  -1.44137
1001  -1.40073
1002  -1.31569
1003  -1.37463
1004  -1.82293
1005  -1.71641
1006  -1.54211
1007  -1.74714
1008  -1.36902
1009  -0.983891
1010  -1.3441
1011  -1.09351
1012  -1.38861
1013  -1.54418
1014  -1.09398
1015  -0.964829
1016  -0.816205
1017  -1.41741
1018  -1.72525
1019  -1.0413
1020  -1.2336
1021  -1.8083
1022  -1.53597
1023  -1.35291
1024  -1.51132
1025  -1.74822
1026  -0.806574
1027  -1.57982
1028  -1.62304
1029  -1.17033
1030  -1.51665
1031  -1.51298
1032  -1.36211
1033  -1.22887
1034  -1.42996
1035  -1.23695
1036  -1.8469
1037  -1.46319
1038  -1.22465
1039  -1.03075
1040  -1.38404
1041  -1.10211
1042  -1.27308
1043  -0.980082
1044  -1.01904
1045  -1.72422
1046  -1.58198
1047  -1.25025
1048  -1.72599
1049  -0.973458
1050  -1.13094
1051  -1.0376
1052  -1.07191
1053  -1.58393
1054  -1.78824
1055  -1.16407
1056  -0.881321
1057  -1.59184
1058  -1.53424
1059  -0.866344
1060  -1.55934
1061  -1.27248
1062  -1.51659
1063  -1.46457
1064  -1.02522
1065  -1.48911
1066  -1.54315
1067  -1.2627
1068  -1.85687
1069  -1.29352
1070  -1.95141
1071  -1.81324
1072  -1.16308
1073  -1.58356
1074  -1.65377
1075  -1.70505
1076  -1.54124
1077  -1.34193
1078  -1.5283
1079  -1.4079
1080  -0.984107
1081  -1.202
1082  -1.3116
1083  -1.43495
1084  -1.48515
1085  -1.55991
1086  -1.34165
1087  -1.18339
1088  -1.24277
1089  -1.35676
1090  -1.08208
1091  -0.961514
1092  -1.63951
1093  -1.53381
1094  -1.27357
1095  -1.59931
1096  -1.71043
1097  -1.37139
1098  -1.35514
1099  -1.47776
1100  -1.03107
1101  -1.56384
1102  -1.02855
1103  -0.612197
1104  -1.14076
1105  -1.19204
1106  -1.29388
1107  -1.01163
1108  -1.49034
1109  -0.947481
1110  -0.704693
1111  -1.2909
1112  -1.81994
1113  -1.37472
1114  -1.47166
1115  -0.896925
1116  -1.26457
1117  -1.40723
1118  -0.923833
1119  -1.43261
1120  -1.27185
1121  -1.10323
1122  -1.28811
1123  -0.824169
1124  -1.1228
1125  -1.1731
1126  -1.69654
1127  -1.58476
1128  -1.28737
1129  -1.23909
1130  -1.18736
1131  -1.47872
1132  -1.42413
1133  -1.37709
1134  -0.642787
1135  -0.904297
1136  -0.919003
1137  -1.23417
1138  -1.44315
1139  -1.43704
1140  -1.02037
1141  -1.14512
1142  -1.18092
1143  -1.18133
1144  -1.2923
1145  -1.78225
1146  -1.93605
1147  -1.8486
1148  -1.5836
1149  -1.04122
1150  -1.60579
1151  -0.974856
1152  -0.727688
1153  -1.31752
1154  -1.93384
1155  -1.79405
1156  -1.16637
1157  -1.40068
1158  -1.77937
1159  -1.4754
1160  -1.78731
1161  -1.46477
1162  -1.63508
1163  -2.06037
1164  -1.91597
1165  -1.97017
1166  -1.37376
1167  -1.7236
1168  -1.92265
1169  -1.81446
1170  -1.23134
1171  -2.22115
1172  -1.61488
1173  -1.87195
1174  -1.67779
1175  -1.68515
1176  -1.6349
1177  -1.71874
1178  -1.96137
1179  -2.35089
1180  -2.06393
1181  -1.65242
1182  -2.03392
1183  -1.88111
1184  -1.60023
1185  -1.953
1186  -1.91756
1187  -2.005
1188  -2.16179
1189  -2.5267
1190  -2.28704
1191  -1.68153
1192  -2.06383
1193  -2.13221
1194  -2.435
1195  -2.63975
1196  -2.37608
1197  -2.27224
1198  -3.05551
1199  -2.54499
1200  -2.54441
1201  -2.83121
1202  -2.66708
1203  -2.66988
1204  -2.69845
1205  -2.77154
1206  -2.65255
1207  -3.40883
1208  -2.42527
1209  -2.48786
1210  -3.07804
1211  -3.5486
1212  -2.7311
1213  -3.11839
1214  -3.19748
1215  -3.21901
1216  -3.14317
1217  -3.76169
1218  -3.80233
1219  -3.54647
1220  -4.09162
1221  -3.34047
1222  -3.6723
1223  -3.26761
1224  -3.54308
1225  -3.18481
1226  -3.99418
1227  -4.27155
1228  -4.02293
1229  -3.77268
1230  -4.21792
1231  -4.33313
1232  -4.829
1233  -4.91806
1234  -4.66948
1235  -4.23927
1236  -5.42208
1237  -4.74524
1238  -5.17436
1239  -5.40171
1240  -5.86979
1241  -5.64423
1242  -5.59735
1243  -6.28302
1244  -6.51068
1245  -6.25223
1246  -6.9488
1247  -6.56715
1248  -6.51157
1249  -7.32222
1250  -7.63416
1251  -7.63349
1252  -7.74972
1253  -7.22997
1254  -7.87215
1255  -8.02278
1256  -8.39491
1257  -8.90425
1258  -9.7112
1259  -8.95426
1260  -9.72824
1261  -10.2834
1262  -10.8914
1263  -11.3158
1264  -11.6411
1265  -11.6764
1266  -12.7395
1267  -13.3624
1268  -14.0231
1269  -14.3954
1270  -15.4313
1271  -15.9868
1272  -16.1908
1273  -16.9109
1274  -17.9003
1275  -18.0379
1276  -18.7798
1277  -19.2597
1278  -19.8917
1279  -20.8502
1280  -21.0194
1281  -21.894
1282  -22.2035
1283  -22.5777
1284  -23.2564
1285  -23.6755
1286  -23.6741
1287  -24.6176
1288  -25.2059
1289  -25.937
1290  -26.7957
1291  -26.9504
1292  -27.3917
1293  -28.2173
1294  -28.8556
1295  -29.2746
1296  -29.6347
1297  -30.5617
1298  -31.4326
1299  -32.0425
1300  -32.3443
1301  -32.8289
1302  -33.7677
1303  -34.2404
1304  -34.3812
1305  -34.6401
1306  -35.3374
1307  -34.6344
1308  -35.0225
1309  -35.1694
1310  -35.0759
1311  -35.0946
1312  -35.0956
1313  -34.9493
1314  -34.7067
1315  -34.593
1316  -34.0175
1317  -33.5265
1318  -33.6391
1319  -33.0379
1320  -32.481
1321  -32.3243
1322  -32.3843
1323  -32.0758
1324  -32.2289
1325  -31.5606
1326  -31.3553
1327  -30.6764
1328  -30.0028
1329  -30.2795
1330  -29.7577
1331  -29.5771
1332  -29.7229
1333  -28.9837
1334  -28.9891
1335  -28.4539
1336  -28.1492
1337  -27.8319
1338  -27.5746
1339  -27.1498
1340  -27.6286
1341  -27.5789
1342  -27.4144
1343  -27.9695
1344  -27.7071
1345  -26.9478
1346  -27.2936
1347  -27.536
1348  -27.6444
1349  -27.6865
1350  -27.2288
1351  -27.2635
1352  -27.9801
1353  -28.1967
1354  -28.284
1355  -28.8125
1356  -28.1872
1357  -28.4776
1358  -28.6306
1359  -28.2468
1360  -28.8254
1361  -29.2802
1362  -29.9103
1363  -29.388
1364  -29.5199
1365  -29.3722
1366  -29.5618
1367  -29.5144
1368  -29.5546
1369  -29.6041
1370  -29.435
1371  -29.6849
1372  -29.8447
1373  -29.7461
1374  -29.7775
1375  -29.4242
1376  -29.668
1377  -29.7211
1378  -29.825
1379  -30.4956
1380  -30.1278
1381  -30.403
1382  -29.935
1383  -29.9713
1384  -30.2182
1385  -29.7072
1386  -29.7601
1387  -30.1854
1388  -29.9827
1389  -29.9162
1390  -29.7837
1391  -29.5498
1392  -29.8193
1393  -30.0372
1394  -29.6622
1395  -29.4016
1396  -29.281
1397  -29.7051
1398  -29.3244
1399  -29.5638
1400  -29.5547
1401  -29.9362
1402  -29.8147
1403  -30.0024
1404  -29.7575
1405  -29.6096
1406  -29.5956
1407  -29.8846
1408  -29.0594
1409  -29.1451
1410  -29.0371
1411  -29.1337
1412  -28.1534
1413  -28.4856
1414  -28.2475
1415  -29.0218
1416  -28.5807
1417  -28.6973
1418  -28.2513
1419  -28.4032
1420  -27.9872
1421  -28.0682
1422  -27.5452
1423  -26.9712
1424  -27.3157
1425  -27.4579
1426  -27.2021
1427  -26.6939
1428  -26.7695
1429  -27.3642
1430  -27.2419
1431  -26.9244
1432  -26.5474
1433  -26.1897
1434  -26.2507
1435  -26.7866
1436  -26.1446
1437  -26.2861
1438  -25.9296
1439  -26.4071
1440  -26.2984
1441  -26.3469
1442  -26.662
1443  -26.0337
1444  -26.0293
1445  -25.7213
1446  -25.3807
1447  -25.2928
1448  -25.5034
1449  -24.9536
1450  -25.1062
1451  -25.0615
1452  -24.7625
1453  -24.9614
1454  -25.0009
1455  -24.8408
1456  -24.8729
1457  -24.8339
1458  -24.4399
1459  -24.6335
1460  -24.4082
1461  -24.7454
1462  -25.0051
1463  -24.4554
1464  -24.152
1465  -24.2544
1466  -24.456
1467  -24.0892
1468  -24.1663
1469  -23.8935
1470  -23.7891
1471  -23.8759
1472  -23.4906
1473  -23.7368
1474  -23.8449
1475  -23.4591
1476  -23.0087
1477  -23.4577
1478  -23.3295
1479  -23.5409
1480  -23.3193
1481  -23.5669
1482  -23.2221
1483  -23.1668
1484  -22.9066
1485  -23.2162
1486  -23.0016
1487  -22.8848
1488  -22.3871
1489  -22.351
1490  -22.7147
1491  -22.5827
1492  -22.4359
1493  -22.7189
1494  -22.5021
1495  -23.0003
1496  -22.8915
1497  -22.2739
1498  -21.7306
1499  -22.4648
1500  -22.1324
1501  -21.7796
1502  -21.8634
1503  -21.6391
1504  -21.7365
1505  -21.73
1506  -21.7143
1507  -22.1338
1508  -21.2788
1509  -21.4715
1510  -21.4957
1511  -21.636
1512  -21.196
1513  -21.0539
1514  -21.2627
1515  -21.0287
1516  -21.121
1517  -20.6134
1518  -21.2609
1519  -21.8414
1520  -21.2109
1521  -21.0045
1522  -21.4655
1523  -21.3443
1524  -21.004
1525  -20.9849
1526  -21.502
1527  -20.8997
1528  -20.3428
1529  -21.0386
1530  -20.9862
1531  -20.5725
1532  -20.6433
1533  -20.102
1534  -20.2622
1535  -20.101
1536  -20.4673
1537  -19.9879
1538  -19.8422
1539  -20.0409
1540  -19.6779
1541  -19.5501
1542  -19.5419
1543  -19.6526
1544  -19.6612
1545  -19.9078
1546  -19.5208
1547  -19.4555
1548  -19.7706
1549  -20.0354
1550  -20.0771
1551  -19.9107
1552  -19.4058
1553  -19.526
1554  -19.5469
1555  -19.1336
1556  -19.3584
1557  -18.7396
1558  -18.3598
1559  -18.8896
1560  -18.4948
1561  -18.9328
1562  -18.8961
1563  -18.913
1564  -18.879
1565  -18.5108
1566  -18.6096
1567  -18.5488
1568  -18.7043
1569  -18.0948
1570  -18.4617
1571  -18.1278
1572  -18.2123
1573  -18.2474
1574  -18.4863
1575  -18.3247
1576  -18.6671
1577  -18.6326
1578  -17.8703
1579  -18.3176
1580  -18.5932
1581  -18.5418
1582  -18.1198
1583  -18.5898
1584  -18.2998
1585  -18.1139
1586  -17.6575
1587  -17.5536
1588  -17.314
1589  -18.0338
1590  -17.4128
1591  -17.4182
1592  -17.5673
1593  -17.4668
1594  -17.3162
1595  -17.4799
1596  -17.5086
1597  -17.6203
1598  -17.7366
1599  -18.0123
1600  -17.3577
1601  -17.7626
1602  -17.91
1603  -17.8998
1604  -17.9609
1605  -17.9321
1606  -18.0726
1607  -17.8486
1608  -17.0391
1609  -17.432
1610  -17.8679
1611  -17.7422
1612  -17.673
1613  -17.6678
1614  -17.683
1615  -17.5458
1616  -17.5816
1617  -17.6447
1618  -17.3034
1619  -17.1159
1620  -17.6383
1621  -16.9504
1622  -16.9371
1623  -17.3804
1624  -16.6103
1625  -16.7703
1626  -16.9805
1627  -17.024
1628  -17.0964
1629  -17.2901
1630  -17.3988
1631  -16.7649
1632  -16.6473
1633  -16.5563
1634  -16.7771
1635  -16.4394
1636  -16.8095
1637  -16.527
1638  -16.4507
1639  -16.5785
1640  -17.2598
1641  -16.8487
1642  -16.7242
1643  -16.9098
1644  -16.7544
1645  -16.7239
1646  -16.9777
1647  -17.1648
1648  -16.9073
1649  -16.3385
1650  -16.7521
1651  -16.7606
1652  -16.4229
1653  -16.5669
1654  -16.4381
1655  -16.5748
1656  -16.8204
1657  -16.8715
1658  -16.6726
1659  -16.5112
1660  -16.8466
1661  -16.6217
1662  -16.5954
1663  -16.39
1664  -15.4637
1665  -16.2952
1666  -16.1736
1667  -15.6207
1668  -16.1468
1669  -16.2884
1670  -16.1585
1671  -16.0905
1672  -15.6189
1673  -15.8554
1674  -15.4661
1675  -15.6592
1676  -16.138
1677  -15.8902
1678  -15.9806
1679  -15.3199
1680  -15.5473
1681  -16.1818
1682  -16.0499
1683  -16.036
1684  -15.6674
1685  -15.9446
1686  -15.9169
1687  -15.9273
1688  -15.3058
1689  -15.3412
1690  -15.4557
1691  -15.7561
1692  -15.4983
1693  -14.858
1694  -15.2283
1695  -14.9189
1696  -14.8498
1697  -14.4761
1698  -15.3384
1699  -15.4688
1700  -15.133
1701  -15.0143
1702  -14.4446
1703  -14.9969
1704  -14.8001
1705  -15.1979
1706  -14.8526
1707  -14.8103
1708  -15.3533
1709  -14.9497
1710  -14.938
1711  -15.2962
1712  -15.1835
1713  -15.1754
1714  -14.9901
1715  -14.9938
1716  -14.9037
1717  -14.7787
1718  -14.8018
1719  -15.1125
1720  -14.7883
1721  -14.7659
1722  -15.1092
1723  -15.1248
1724  -14.8147
1725  -14.156
1726  -14.3756
1727  -14.4286
1728  -14.2894
1729  -14.3811
1730  -14.4704
1731  -14.3846
1732  -14.8075
1733  -15.2209
1734  -15.1241
1735  -15.1652
1736  -15.0034
1737  -14.59
1738  -14.3322
1739  -14.6117
1740  -13.9947
1741  -14.3187
1742  -14.4596
1743  -14.4536
1744  -14.2421
1745  -14.0338
1746  -13.9779
1747  -14.1042
1748  -13.9469
1749  -14.2376
1750  -14.3409
1751  -13.813
1752  -13.5119
1753  -14.1587
1754  -14.2008
1755  -14.0523
1756  -13.9299
1757  -14.038
1758  -13.948
1759  -13.9125
1760  -14.0234
1761  -13.8785
1762  -13.9586
1763  -14.3503
1764  -14.4371
1765  -13.702
1766  -14.5252
1767  -14.2864
1768  -13.9155
1769  -14.1567
1770  -13.6827
1771  -14.0092
1772  -13.8293
1773  -13.358
1774  -14.5808
1775  -14.4883
1776  -14.2416
1777  -14.103
1778  -14.1702
1779  -14.3204
1780  -14.2506
1781  -14.2046
1782  -14.0103
1783  -14.3333
1784  -13.6322
1785  -13.8515
1786  -13.6703
1787  -13.8654
1788  -13.0839
1789  -13.5743
1790  -13.541
1791  -13.4671
1792  -13.5094
1793  -13.8187
1794  -13.1592
1795  -12.8183
1796  -13.3289
1797  -13.3934
1798  -13.6048
1799  -13.5411
1800  -13.3706
1801  -13.1918
1802  -13.68
1803  -13.5369
1804  -13.2743
1805  -13.467
1806  -13.513
1807  -13.6275
1808  -13.8242
1809  -13.4794
1810  -13.3676
1811  -13.3962
1812  -13.6636
1813  -12.934
1814  -13.4122
1815  -13.4563
1816  -13.6012
1817  -13.2211
1818  -13.5501
1819  -13.4796
1820  -13.4612
1821  -12.9834
1822  -13.3834
1823  -12.5497
1824  -12.6949
1825  -13.1626
1826  -12.8712
1827  -13.1648
1828  -13.4028
1829  -13.0046
1830  -12.4864
1831  -13.2231
1832  -12.4735
1833  -13.3076
1834  -13.166
1835  -12.6538
1836  -12.9219
1837  -12.5005
1838  -12.9574
1839  -12.5769
1840  -12.4746
1841  -12.861
1842  -12.7008
1843  -12.6636
1844  -12.6734
1845  -12.581
1846  -12.8403
1847  -12.5275
1848  -12.1712
1849  -12.821
1850  -12.3188
1851  -12.2737
1852  -12.1934
1853  -12.1963
1854  -12.5724
1855  -12.2453
1856  -11.9307
1857  -11.5962
1858  -12.1136
1859  -12.2919
1860  -11.9559
1861  -12.7532
1862  -12.1904
1863  -12.4951
1864  -11.7194
1865  -11.8278
1866  -11.706
1867  -11.7522
1868  -11.8145
1869  -12.0113
1870  -11.6081
1871  -11.2375
1872  -11.9534
1873  -12.3253
1874  -12.3586
1875  -12.5058
1876  -12.2222
1877  -11.968
1878  -11.7449
1879  -12.2054
1880  -12.0086
1881  -11.7378
1882  -11.8161
1883  -12.1273
1884  -12.0786
1885  -12.3657
1886  -12.0021
1887  -11.6432
1888  -11.9189
1889  -11.7581
1890  -12.518
1891  -12.3824
1892  -11.9232
1893  -11.5186
1894  -11.9076
1895  -11.7811
1896  -11.5539
1897  -10.7063
1898  -11.3382
1899  -11.3168
1900  -11.2369
1901  -11.3385
1902  -11.0215
1903  -11.1368
1904  -11.8673
1905  -11.3015
1906  -10.9775
1907  -11.2253
1908  -11.0522
1909  -11.2673
1910  -11.5161
1911  -11.0775
1912  -10.9579
1913  -11.0285
1914  -11.0971
1915  -10.9714
1916  -10.5035
1917  -10.9382
1918  -10.4173
1919  -10.485
1920  -10.8369
1921  -10.3368
1922  -10.4049
1923  -10.3603
1924  -10.0502
1925  -10.7411
1926  -10.4422
1927  -10.8224
1928  -10.8254
1929  -10.67
1930  -10.4285
1931  -10.6967
1932  -10.2804
1933  -10.3596
1934  -10.4421
1935  -10.6344
1936  -10.336
1937  -10.5475
1938  -10.7936
1939  -10.5259
1940  -10.0671
1941  -10.6599
1942  -9.93447
1943  -10.1186
1944  -10.3368
1945  -10.0768
1946  -9.94382
1947  -9.84994
1948  -10.2651
1949  -10.0237
1950  -9.74835
1951  -10.2942
1952  -10.1281
1953  -10.4191
1954  -10.4484
1955  -9.9253
1956  -9.98188
1957  -10.37
1958  -10.3093
1959  -10.1279
1960  -10.1095
1961  -10.1083
1962  -9.70479
1963  -10.3339
1964  -9.85979
1965  -9.86509
1966  -10.068
1967  -10.0062
1968  -9.55011
1969  -9.67008
1970  -9.90924
1971  -9.90099
1972  -9.77946
1973  -9.66506
1974  -9.9268
1975  -9.52397
1976  -8.9979
1977  -9.59419
1978  -9.8112
1979  -9.37316
1980  -10.0065
1981  -9.42219
1982  -9.45694
1983  -9.38443
1984  -9.70305
1985  -9.74991
1986  -9.62508
1987  -9.43744
1988  -9.81201
1989  -9.78981
1990  -9.05048
1991  -9.4895
1992  -9.09522
1993  -9.22122
1994  -9.61771
1995  -9.35114
1996  -9.14989
1997  -9.43154
1998  -9.28477
1999  -9.61891
2000  -9.07418
2001  -9.32995
2002  -9.32553
2003  -9.63428
2004  -9.76111
2005  -9.92655
2006  -9.48843
2007  -9.44549
2008  -9.33943
2009  -9.07215
2010  -9.26002
2011  -9.63539
2012  -9.72236
2013  -9.08527
2014  -9.22437
2015  -9.76228
2016  -8.79188
2017  -9.59069
2018  -9.64312
2019  -9.24542
2020  -9.61739
2021  -9.66752
2022  -9.29922
2023  -9.10172
2024  -8.88652
2025  -9.43098
2026  -9.44339
2027  -9.80426
2028  -9.56343
2029  -9.39164
2030  -9.66859
2031  -9.96607
2032  -9.21547
2033  -9.49168
2034  -9.26848
2035  -9.4777
2036  -9.12879
2037  -9.38235
2038  -9.50471
2039  -9.19578
2040  -9.4055
2041  -9.49407
2042  -9.61003
2043  -9.63915
2044  -9.67621
2045  -9.34287
2046  -9.20495
2047  -9.13981
2048  -9.08618
2049  -9.2769
2050  -9.5304
2051  -9.14834
2052  -9.12025
2053  -9.15727
2054  -9.4057
2055  -9.06136
2056  -9.69887
2057  -9.39243
2058  -10.2145
2059  -9.82575
2060  -9.42754
2061  -9.47061
2062  -9.98188
2063  -10.0325
2064  -9.83659
2065  -9.99267
2066  -9.76378
2067  -9.3533
2068  -9.80134
2069  -10.2421
2070  -10.4806
2071  -9.77751
2072  -9.80898
2073  -9.99512
2074  -10.0696
2075  -9.67683
2076  -9.22326
2077  -10.1585
2078  -9.82804
2079  -9.6695
2080  -9.88479
2081  -9.56128
2082  -9.37179
2083  -9.52801
2084  -9.67124
2085  -10.0569
2086  -9.62564
2087  -9.75359
2088  -10.1041
2089  -10.0192
2090  -10.2838
2091  -9.88352
2092  -10.1076
2093  -10.4832
2094  -10.6211
2095  -10.1353
2096  -10.5312
2097  -10.4789
2098  -10.0144
2099  -10.4433
2100  -9.95196
2101  -10.3685
2102  -10.1391
2103  -10.5072
2104  -9.99318
2105  -9.79845
2106  -9.94388
2107  -10.5132
2108  -9.99703
2109  -10.2348
2110  -10.3807
2111  -10.1887
2112  -9.88873
2113  -10.1655
2114  -10.2045
2115  -10.437
2116  -10.3738
2117  -10.5211
2118  -10.4839
2119  -10.1986
2120  -10.4939
2121  -10.7007
2122  -10.5274
2123  -10.5958
2124  -10.5651
2125  -10.0069
2126  -10.6908
2127  -10.4041
2128  -10.2213
2129  -10.3732
2130  -10.2152
2131  -10.3314
2132  -10.2665
2133  -10.0365
2134  -10.3187
2135  -10.1293
2136  -10.1999
2137  -10.3416
2138  -10.3143
2139  -10.1303
2140  -10.2833
2141  -10.1906
2142  -10.3972
2143  -10.2288
2144  -10.1338
2145  -10.5932
2146  -10.6583
2147  -10.6181
2148  -10.2512
2149  -10.4237
2150  -10.5934
2151  -10.6255
2152  -10.6782
2153  -10.4613
2154  -10.6128
2155  -11.1226
2156  -10.9016
2157  -10.8052
2158  -10.8551
2159  -10.9424
2160  -11.1636
2161  -11.4583
2162  -10.9968
2163  -10.5938
2164  -10.8402
2165  -10.5684
2166  -10.9068
2167  -11.1801
2168  -11.1753
2169  -10.6517
2170  -10.8977
2171  -11.0214
2172  -11.0108
2173  -10.6436
2174  -10.6335
2175  -10.4916
2176  -10.914
2177  -10.8732
2178  -10.6619
2179  -10.8869
2180  -10.8253
2181  -10.7853
2182  -11.0549
2183  -11.1515
2184  -10.3281
2185  -10.8777
2186  -11.162
2187  -11.2081
2188  -10.9616
2189  -10.6845
2190  -9.91262
2191  -10.8822
2192  -10.5146
2193  -10.8286
2194  -10.7817
2195  -10.4565
2196  -9.9385
2197  -10.5348
2198  -10.2723
2199  -10.7168
2200  -10.6395
2201  -10.6359
2202  -11.074
2203  -10.9635
2204  -10.9933
2205  -10.8024
2206  -10.4806
2207  -10.6633
2208  -10.407
2209  -10.8407
2210  -11.0183
2211  -11.0523
2212  -10.2359
2213  -10.8667
2214  -10.9706
2215  -11.0451
2216  -10.8652
2217  -10.702
2218  -10.5187
2219  -11.3644
2220  -11.035
2221  -10.919
2222  -10.7765
2223  -10.6994
2224  -11.0905
2225  -10.9703
2226  -10.8877
2227  -10.9673
2228  -10.4178
2229  -11.5322
2230  -10.9544
2231  -11.1303
2232  -11.4453
2233  -11.0199
2234  -10.7987
2235  -10.8603
2236  -11.3031
2237  -11.1804
2238  -11.2188
2239  -10.9194
2240  -10.8595
2241  -11.5675
2242  -10.4869
2243  -10.5715
2244  -10.4479
2245  -10.8645
2246  -11.1475
2247  -10.7719
2248  -11.011
2249  -10.6981
2250  -10.8841
2251  -10.8985
2252  -10.542
2253  -10.6803
2254  -10.4883
2255  -10.5223
2256  -10.5799
2257  -10.8385
2258  -10.6519
2259  -10.6295
2260  -10.5481
2261  -10.828
2262  -11.1156
2263  -10.7194
2264  -10.4175
2265  -10.5069
2266  -10.2482
2267  -10.6111
2268  -10.1785
2269  -10.4573
2270  -11.3163
2271  -10.9577
2272  -10.5153
2273  -10.8118
2274  -10.6778
2275  -10.8814
2276  -11.2528
2277  -11.0328
2278  -10.5852
2279  -10.2909
2280  -10.6896
2281  -10.9174
2282  -11.1213
2283  -10.6543
2284  -10.1337
2285  -10.5857
2286  -10.7396
2287  -10.4462
2288  -11.0493
2289  -10.5737
2290  -10.7109
2291  -10.5144
2292  -10.596
2293  -10.3079
2294  -10.1043
2295  -10.3084
2296  -10.5847
2297  -10.6359
2298  -10.0292
2299  -10.1898
2300  -10.0132
2301  -10.2988
2302  -10.8771
2303  -10.519
2304  -10.0918
2305  -10.3872
2306  -10.3506
2307  -10.0585
2308  -10.5537
2309  -10.2111
2310  -10.8688
2311  -10.3817
2312  -10.729
2313  -11.2123
2314  -10.2049
2315  -10.9488
2316  -10.5778
2317  -10.3074
2318  -10.7559
2319  -10.4871
2320  -10.2011
2321  -10.3916
2322  -10.2785
2323  -10.2826
2324  -10.811
2325  -10.5207
2326  -10.512
2327  -10.7053
2328  -10.6113
2329  -10.6391
2330  -10.6304
2331  -10.1471
2332  -10.2304
2333  -10.1494
2334  -9.73672
2335  -9.70603
2336  -10.2949
2337  -10.6456
2338  -9.90412
2339  -10.0146
2340  -10.0984
2341  -10.4292
2342  -10.1254
2343  -10.3074
2344  -10.3732
2345  -10.2289
2346  -10.1027
2347  -9.8278
2348  -9.67668
2349  -10.1539
2350  -10.469
2351  -10.5941
2352  -10.4267
2353  -10.4083
2354  -10.2408
2355  -10.1681
2356  -10.2148
2357  -10.4031
2358  -9.65899
2359  -9.6005
2360  -10.1684
2361  -9.84266
2362  -9.91765
2363  -9.78401
2364  -9.17598
2365  -9.84456
2366  -10.0756
2367  -10.0796
2368  -9.64602
2369  -9.99245
2370  -9.79386
2371  -10.0609
2372  -10.1549
2373  -9.95994
2374  -10.1989
2375  -9.98471
2376  -10.7465
2377  -10.3256
2378  -10.0726
2379  -10.6129
2380  -10.3173
2381  -10.3193
2382  -10.0263
2383  -10.2425
2384  -10.3251
2385  -10.3096
2386  -10.2959
2387  -9.94789
2388  -10.1152
2389  -9.90862
2390  -9.70244
2391  -9.98867
2392  -9.63425
2393  -9.19316
2394  -9.31077
2395  -9.53271
2396  -10.029
2397  -9.78848
2398  -9.1954
2399  -9.54505
2400  -9.22686
2401  -9.58662
2402  -9.51689
2403  -9.72424
2404  -9.62221
2405  -9.40871
2406  -9.59489
2407  -9.3274
2408  -9.72187
2409  -9.15543
2410  -9.52482
2411  -9.82296
2412  -9.72346
2413  -9.78292
2414  -9.56125
2415  -9.49392
2416  -9.36456
2417  -8.95881
2418  -9.46093
2419  -9.87049
2420  -10.154
2421  -10.0853
2422  -9.66393
2423  -9.44325
2424  -9.92042
2425  -9.80605
2426  -9.73559
2427  -9.9144
2428  -9.83745
2429  -9.76972
2430  -9.60229
2431  -9.64665
2432  -9.59108
2433  -9.69806
2434  -9.3862
2435  -9.74902
2436  -9.89405
2437  -9.79162
2438  -9.99357
2439  -9.86799
2440  -9.56312
2441  -9.7437
2442  -10.2243
2443  -9.70732
2444  -9.51779
2445  -9.89165
2446  -9.77947
2447  -9.56776
2448  -9.23073
2449  -9.63238
2450  -9.37078
2451  -9.12669
2452  -9.49758
2453  -9.54624
2454  -9.51385
2455  -9.93059
2456  -9.39227
2457  -9.54097
2458  -9.51414
2459  -8.97324
2460  -9.48529
2461  -9.37108
2462  -9.05439
2463  -9.21487
2464  -9.21095
2465  -9.29757
2466  -9.63184
2467  -9.56056
2468  -9.60511
2469  -9.67368
2470  -9.70664
2471  -9.39237
2472  -9.20993
2473  -9.40471
2474  -9.34128
2475  -9.758
2476  -9.39582
2477  -9.30885
2478  -9.77747
2479  -9.10022
2480  -9.09161
2481  -9.30216
2482  -9.07077
2483  -8.98008
2484  -8.82884
2485  -8.68991
2486  -9.20454
2487  -9.29532
2488  -8.86427
2489  -8.85339
2490  -9.0769
2491  -8.70328
2492  -9.45836
2493  -8.96362
2494  -8.7206
2495  -9.25059
2496  -8.96401
2497  -8.63232
2498  -9.08093
2499  -9.12431
2500  -8.77642
2501  -9.33403
2502  -8.94784
2503  -8.98685
2504  -9.2823
2505  -9.06581
2506  -9.16256
2507  -9.44132
2508  -9.57043
2509  -9.51117
2510  -9.35978
2511  -9.64658
2512  -9.95366
2513  -9.20568
2514  -9.17413
2515  -9.27233
2516  -9.26287
2517  -9.46063
2518  -9.52808
2519  -9.16305
2520  -8.77587
2521  -8.74831
2522  -8.76589
2523  -8.58954
2524  -8.97759
2525  -8.86858
2526  -9.11286
2527  -8.92687
2528  -9.48961
2529  -9.22956
2530  -9.36457
2531  -9.43773
2532  -8.96208
2533  -8.96439
2534  -9.52763
2535  -9.04156
2536  -9.29584
2537  -9.41454
2538  -9.3514
2539  -9.37487
2540  -9.20484
2541  -9.34116
2542  -9.31745
2543  -8.91076
2544  -8.94875
2545  -9.55941
2546  -9.18207
2547  -9.19349
2548  -9.2768
2549  -9.03927
2550  -9.12186
2551  -8.74694
2552  -8.94055
2553  -9.28931
2554  -9.07927
2555  -8.8325
2556  -9.07634
2557  -9.28968
2558  -9.10845
2559  -9.50406
