0  2.18412
1  1.85917
2  1.84613
3  1.88532
4  2.32476
5  2.19873
6  1.87628
7  1.94033
8  2.44971
9  2.24059
10  2.33078
11  2.38099
12  2.53512
13  3.22328
14  3.23346
15  2.99709
16  2.50694
17  2.01893
18  2.37363
19  2.42453
20  2.19567
21  1.93651
22  2.03038
23  2.25965
24  2.02305
25  2.35801
26  2.66826
27  2.49894
28  2.45569
29  2.26943
30  2.13047
31  1.83742
32  1.85373
33  2.35173
34  2.05968
35  2.79293
36  2.2523
37  1.92173
38  2.04507
39  2.11517
40  1.79585
41  2.01911
42  2.28048
43  2.30581
44  2.37989
45  2.03293
46  2.16005
47  1.95388
48  1.97333
49  1.24826
50  1.28799
51  1.57122
52  1.92724
53  2.38633
54  2.65644
55  1.94765
56  1.28468
57  1.03727
58  1.32367
59  1.60881
60  1.98651
61  1.67093
62  1.52682
63  2.08016
64  1.97663
65  1.71479
66  1.45003
67  1.28868
68  1.49911
69  1.69592
70  1.92742
71  1.57016
72  1.36015
73  1.58305
74  1.3444
75  1.82882
76  1.57873
77  1.49269
78  1.61493
79  1.83406
80  1.89733
81  1.2852
82  0.94639
83  1.36808
84  1.42077
85  0.938616
86  0.896078
87  1.04368
88  1.48295
89  1.46873
90  1.91038
91  1.67436
92  1.50765
93  1.28257
94  1.4244
95  1.30353
96  1.72665
97  1.87857
98  1.91533
99  1.52773
100  1.1812
101  1.22774
102  0.932717
103  1.49014
104  1.68227
105  1.44616
106  1.42756
107  1.49197
108  1.04758
109  0.847782
110  0.91891
111  0.711533
112  1.06118
113  0.962885
114  0.738497
115  0.957498
116  0.785573
117  1.17796
118  0.991913
119  0.532099
120  0.878936
121  0.489694
122  0.890406
123  0.889509
124  0.502803
125  0.638694
126  0.825327
127  0.606701
128  0.33788
129  0.594494
130  0.696434
131  0.629573
132  1.02669
133  1.2938
134  1.33758
135  0.990583
136  0.888156
137  0.676371
138  0.615449
139  0.514479
140  0.905508
141  0.819294
142  0.919647
143  0.585789
144  0.839839
145  1.19108
146  0.931263
147  0.677564
148  0.463977
149  0.969991
150  0.890779
151  0.920033
152  0.462489
153  -0.0471824
154  0.154197
155  0.654809
156  1.11435
157  0.941947
158  0.207612
159  -0.125783
160  0.517551
161  0.574837
162  0.34261
163  0.360714
164  -0.2395
165  0.121987
166  0.588661
167  0.133054
168  0.354785
169  0.393903
170  0.273613
171  0.196225
172  0.146782
173  0.478033
174  0.715331
175  0.706773
176  -0.0208851
177  -0.134085
178  0.265414
179  0.7033
180  0.497547
181  0.294341
182  0.207966
183  0.219627
184  0.00373979
185  -0.517222
186  -0.436134
187  -0.687866
188  0.29253
189  0.881403
190  0.236658
191  -0.0737355
192  -0.23373
193  -0.077084
194  -0.0862586
195  0.0327737
196  0.158858
197  -0.0387319
198  -0.350778
199  -0.0908277
200  -0.30248
201  -0.0959635
202  0.0747205
203  0.0269533
204  -0.131511
205  -0.236824
206  -0.206434
207  -0.112733
208  0.198965
209  0.18085
210  0.201976
211  0.270434
212  0.0754809
213  -0.74391
214  -1.12145
215  -0.560548
216  -0.260403
217  -0.392099
218  0.191106
219  -0.479283
220  -0.930147
221  -0.794281
222  -0.769499
223  -0.366183
224  -0.601416
225  0.336413
226  -0.66032
227  -1.00782
228  -1.21158
229  -0.494901
230  -0.268479
231  -0.136931
232  0.283347
233  -0.183046
234  -0.463158
235  -0.621166
236  0.253217
237  0.510215
238  0.0911429
239  -0.524375
240  -0.975955
241  -0.720274
242  -0.278615
243  -0.55027
244  -0.714926
245  -0.193973
246  0.094054
247  0.853458
248  0.746315
249  0.0446864
250  -0.70757
251  -0.164224
252  -0.612225
253  -0.283868
254  -0.391074
255  -1.02074
256  -0.64085
257  -0.62798
258  -0.913029
259  -0.780531
260  -0.0627884
261  -0.506958
262  -0.684541
263  -0.712788
264  -1.34444
265  -1.35476
266  -1.20125
267  -1.18192
268  -0.712366
269  -0.537748
270  -0.708405
271  -0.780626
272  -1.46512
273  -1.22352
274  -0.834122
275  -0.823462
276  -0.629477
277  -0.791256
278  -1.00437
279  -0.760238
280  -0.93459
281  -1.03438
282  -0.920315
283  -1.32417
284  -1.15978
285  -1.18209
286  -1.04777
287  -0.789335
288  -0.554771
289  -0.892174
290  -0.816261
291  -0.82489
292  -0.475826
293  -0.188062
294  -0.218335
295  -0.673658
296  -1.19157
297  -0.855471
298  -0.836148
299  -1.00217
300  -1.2254
301  -1.42806
302  -1.43879
303  -0.960528
304  -0.274335
305  -0.625118
306  -0.96668
307  -0.356918
308  -0.987289
309  -0.978777
310  -1.134
311  -1.41664
312  -1.49547
313  -1.39897
314  -1.76124
315  -1.32004
316  -2.05594
317  -2.15383
318  -1.78193
319  -1.62508
320  -1.25605
321  -1.38704
322  -1.19311
323  -1.30344
324  -1.70988
325  -1.91955
326  -1.92177
327  -1.55381
328  -1.52449
329  -1.0643
330  -1.40766
331  -1.31069
332  -1.49523
333  -1.31827
334  -1.34219
335  -1.78998
336  -1.79529
337  -2.32879
338  -2.02584
339  -1.27138
340  -0.820805
341  -1.27952
342  -1.69581
343  -2.01958
344  -2.11186
345  -1.62592
346  -1.56733
347  -1.67261
348  -2.19848
349  -1.98931
350  -1.6723
351  -1.78805
352  -1.55286
353  -1.6021
354  -1.94283
355  -1.82868
356  -2.13944
357  -1.97707
358  -2.22424
359  -2.1265
360  -2.01956
361  -2.24771
362  -2.19262
363  -2.17005
364  -2.44115
365  -2.49586
366  -1.79544
367  -2.21135
368  -2.49361
369  -2.05564
370  -2.79753
371  -1.69824
372  -1.85855
373  -2.02762
374  -1.95565
375  -2.23629
376  -2.2817
377  -2.45838
378  -2.01246
379  -1.8442
380  -1.82049
381  -2.02851
382  -1.82712
383  -2.64147
384  -1.99552
385  -2.32677
386  -2.2421
387  -2.31932
388  -2.34068
389  -2.41132
390  -2.01737
391  -2.25426
392  -2.75032
393  -2.89248
394  -3.39364
395  -2.9256
396  -2.51398
397  -2.10786
398  -2.16251
399  -2.38841
400  -2.24279
401  -2.02419
402  -2.05917
403  -2.11715
404  -2.56645
405  -2.54961
406  -1.87252
407  -2.23683
408  -2.22506
409  -1.95771
410  -2.0476
411  -2.12694
412  -2.43673
413  -2.39147
414  -2.15118
415  -2.46996
416  -3.31523
417  -2.62084
418  -2.8826
419  -1.99893
420  -1.83605
421  -1.65654
422  -1.89344
423  -2.81711
424  -2.90169
425  -2.42149
426  -2.12827
427  -2.20525
428  -2.21189
429  -2.44412
430  -2.85571
431  -2.40522
432  -2.38954
433  -2.08983
434  -2.63655
435  -2.95337
436  -2.30357
437  -1.96519
438  -2.22598
439  -1.73337
440  -2.13912
441  -2.24076
442  -1.55348
443  -1.69954
444  -1.9383
445  -1.89101
446  -2.15602
447  -2.55776
448  -1.92101
449  -2.20908
450  -2.81245
451  -2.5339
452  -2.06296
453  -1.81087
454  -1.60895
455  -1.72477
456  -2.07694
457  -2.37928
458  -2.11683
459  -1.9619
460  -2.0351
461  -2.19291
462  -2.43214
463  -2.77191
464  -2.06568
465  -1.84441
466  -2.1161
467  -2.36432
468  -2.13685
469  -2.18903
470  -1.94826
471  -2.33638
472  -2.49988
473  -2.2219
474  -2.01716
475  -2.07751
476  -2.45388
477  -2.27466
478  -2.34072
479  -2.35122
480  -1.83103
481  -2.11992
482  -2.13329
483  -2.28088
484  -2.12259
485  -2.35228
486  -2.24855
487  -1.76451
488  -1.95836
489  -2.01078
490  -2.76909
491  -3.4088
492  -3.02449
493  -3.40132
494  -3.34853
495  -4.25152
496  -5.98169
497  -12.127
498  -47.8623
499  -201.279
500  -591.445
501  -1152.42
502  -1631.52
503  -1843.19
504  -1775.99
505  -1610.84
506  -1545.54
507  -1601.16
508  -1644.94
509  -1583.62
510  -1470.18
511  -1400.23
512  -1404.58
513  -1424.28
514  -1402.46
515  -1341.84
516  -1288.7
517  -1268.76
518  -1262.38
519  -1242.8
520  -1204.6
521  -1167.01
522  -1146.7
523  -1138.43
524  -1125.08
525  -1101.13
526  -1072.11
527  -1049.78
528  -1036.12
529  -1023.61
530  -1006.95
531  -988.049
532  -969.528
533  -951.12
534  -935.435
535  -922.053
536  -909.584
537  -897.003
538  -883.995
539  -869.363
540  -855.612
541  -844.014
542  -834.351
543  -822.763
544  -810.142
545  -798.542
546  -789.855
547  -784.003
548  -781.159
549  -776.87
550  -768.254
551  -752.011
552  -733.864
553  -716.057
554  -701.669
555  -693.445
556  -690.165
557  -684.608
558  -675.617
559  -664.527
560  -653.447
561  -646.164
562  -642.358
563  -638.109
564  -628.915
565  -617.63
566  -609.035
567  -603.456
568  -599.08
569  -592.194
570  -583.18
571  -574.657
572  -567.8
573  -560.926
574  -552.548
575  -543.841
576  -536.135
577  -530.185
578  -525.857
579  -521.157
580  -515.84
581  -509.873
582  -504.082
583  -497.638
584  -491.222
585  -485.229
586  -479.52
587  -474.689
588  -469.941
589  -465.082
590  -460.296
591  -455.141
592  -449.421
593  -444.795
594  -440.301
595  -436.477
596  -434.908
597  -431.977
598  -425.134
599  -414.198
600  -401.573
601  -390.514
602  -383.394
603  -378.963
604  -374.883
605  -367.609
606  -359.595
607  -351.239
608  -347.389
609  -346.621
610  -344.257
611  -338.369
612  -330.346
613  -323.516
614  -320.088
615  -318.091
616  -315.17
617  -310.341
618  -304.264
619  -300.377
620  -297.678
621  -294.662
622  -290.974
623  -285.785
624  -282.317
625  -279.117
626  -276.842
627  -273.343
628  -269.839
629  -266.635
630  -264.733
631  -262.105
632  -259.329
633  -255.521
634  -253.13
635  -251.958
636  -251.153
637  -248.202
638  -243.892
639  -239.701
640  -236.178
641  -232.962
642  -231.235
643  -229.533
644  -227.709
645  -225.063
646  -222.196
647  -219.488
648  -216.079
649  -213.788
650  -212.84
651  -211.077
652  -209.82
653  -207.831
654  -205.29
655  -202.866
656  -200.347
657  -198.491
658  -197.852
659  -196.163
660  -193.721
661  -191.822
662  -189.871
663  -188.542
664  -186.645
665  -184.399
666  -182.711
667  -181.14
668  -179.132
669  -177.497
670  -177.96
671  -178.025
672  -176.664
673  -174.78
674  -171.607
675  -168.206
676  -165.47
677  -163.452
678  -162.547
679  -162.042
680  -160.808
681  -159.876
682  -158.378
683  -156.321
684  -155.31
685  -154.775
686  -154.144
687  -153.159
688  -151.345
689  -148.978
690  -147.3
691  -146.823
692  -146.826
693  -146.018
694  -144.419
695  -142.564
696  -141.245
697  -141.13
698  -140.355
699  -138.937
700  -137.881
701  -137.16
702  -137.079
703  -136.454
704  -133.864
705  -131.579
706  -130.07
707  -129.274
708  -130.094
709  -129.096
710  -128.449
711  -127.046
712  -126.012
713  -126.08
714  -126.003
715  -124.842
716  -123.498
717  -122.774
718  -121.886
719  -120.822
720  -119.926
721  -119.074
722  -118.754
723  -118.096
724  -117.082
725  -116.144
726  -114.934
727  -113.639
728  -113.338
729  -112.902
730  -112.249
731  -111.604
732  -111.249
733  -111.069
734  -110.403
735  -109.041
736  -107.425
737  -107.511
738  -107.972
739  -108.358
740  -107.763
741  -106.335
742  -105.044
743  -104.012
744  -103.423
745  -102.748
746  -101.239
747  -100.686
748  -100.556
749  -100.91
750  -100.72
751  -100.199
752  -98.4946
753  -97.5261
754  -97.1149
755  -97.1485
756  -97.6344
757  -97.4174
758  -96.3077
759  -94.875
760  -94.1488
761  -94.5339
762  -94.7569
763  -93.9839
764  -93.4757
765  -93.0444
766  -92.5401
767  -92.5844
768  -91.8137
769  -90.9986
770  -90.0234
771  -90.387
772  -90.3149
773  -90.1856
774  -89.0121
775  -88.1016
776  -87.8861
777  -87.7627
778  -88.1239
779  -87.8321
780  -87.686
781  -87.1236
782  -86.3416
783  -85.1021
784  -84.6806
785  -84.0805
786  -83.9641
787  -83.5217
788  -83.4867
789  -83.1514
790  -82.4376
791  -81.8545
792  -80.9185
793  -80.7567
794  -80.2104
795  -80.4003
796  -80.2952
797  -79.5674
798  -79.4874
799  -80.2539
800  -79.6463
801  -79.3703
802  -78.8807
803  -78.5644
804  -78.2443
805  -77.2186
806  -77.0382
807  -76.8707
808  -76.5238
809  -76.5708
810  -75.87
811  -75.0148
812  -74.547
813  -74.6714
814  -74.3197
815  -74.0611
816  -73.701
817  -73.7198
818  -73.1313
819  -73.4655
820  -73.1842
821  -72.916
822  -73.0196
823  -73.292
824  -72.5849
825  -71.9288
826  -72.0173
827  -71.7299
828  -71.7126
829  -72.4531
830  -72.0499
831  -71.7858
832  -70.8617
833  -71.0664
834  -71.2382
835  -70.4068
836  -69.3238
837  -68.6452
838  -68.3929
839  -69.0568
840  -69.7331
841  -69.1168
842  -67.6539
843  -67.3132
844  -68.5451
845  -69.6942
846  -69.9968
847  -68.8723
848  -67.5572
849  -67.0756
850  -67.1825
851  -67.6932
852  -67.9216
853  -67.3576
854  -67.1561
855  -66.8359
856  -65.8834
857  -65.1578
858  -63.77
859  -64.2222
860  -64.7345
861  -65.8153
862  -65.9372
863  -65.1093
864  -63.9421
865  -64.3176
866  -64.4948
867  -64.6969
868  -64.6398
869  -64.1512
870  -63.9851
871  -62.8829
872  -63.2269
873  -63.5302
874  -63.4073
875  -62.452
876  -61.718
877  -60.3623
878  -59.8742
879  -60.5576
880  -61.1411
881  -60.3206
882  -59.5359
883  -59.2079
884  -60.1648
885  -61.0878
886  -60.9197
887  -59.5846
888  -58.7134
889  -58.7778
890  -59.2254
891  -60.0057
892  -59.5304
893  -59.3906
894  -59.2066
895  -59.2712
896  -59.4052
897  -58.4894
898  -58.0543
899  -58.5171
900  -59.5201
901  -59.0907
902  -57.5005
903  -55.7514
904  -55.7175
905  -56.135
906  -56.3427
907  -56.298
908  -55.6965
909  -55.323
910  -55.8333
911  -56.0449
912  -56.263
913  -55.2311
914  -55.0544
915  -55.8087
916  -55.2658
917  -54.8604
918  -54.6761
919  -54.094
920  -54.2736
921  -53.9568
922  -54.1237
923  -54.2395
924  -53.5536
925  -53.1708
926  -53.2959
927  -53.2092
928  -53.2856
929  -52.6954
930  -52.248
931  -52.2071
932  -53.0598
933  -54.7058
934  -55.1384
935  -54.5328
936  -52.8915
937  -51.8428
938  -51.7196
939  -52.3125
940  -52.3654
941  -51.3269
942  -50.432
943  -49.9761
944  -50.4822
945  -51.0494
946  -51.2931
947  -50.9619
948  -50.2837
949  -50.4623
950  -50.5465
951  -51.1143
952  -51.3486
953  -51.4433
954  -50.5909
955  -50.9434
956  -50.1992
957  -49.3518
958  -48.8505
959  -49.2936
960  -49.1405
961  -48.8562
962  -48.7387
963  -48.5419
964  -48.9843
965  -49.4195
966  -48.9276
967  -48.9114
968  -48.2755
969  -48.0482
970  -47.8836
971  -47.7074
972  -47.3074
973  -46.8516
974  -47.4486
975  -47.4563
976  -47.3547
977  -47.4247
978  -47.9194
979  -47.7079
980  -48.0861
981  -47.7139
982  -47.0655
983  -45.7279
984  -45.915
985  -46.0356
986  -46.2914
987  -45.9964
988  -45.3641
989  -44.9461
990  -44.9628
991  -45.5822
992  -46.2241
993  -46.3311
994  -46.0727
995  -45.5494
996  -44.6495
997  -44.6921
998  -44.3638
999  -44.1828
1000  -44.8883
1001  -45.1607
1002  -45.5747
1003  -45.7812
1004  -45.7457
1005  -45.3172
1006  -45.1883
1007  -45.1687
1008  -44.1016
1009  -43.5986
1010  -43.8571
1011  -44.1133
1012  -43.5486
1013  -43.102
1014  -43.0092
1015  -42.7545
1016  -43.5699
1017  -43.8129
1018  -43.4767
1019  -43.4777
1020  -43.2874
1021  -42.6928
1022  -42.6043
1023  -42.0244
1024  -42.0017
1025  -42.3128
1026  -42.6856
1027  -42.3019
1028  -42.0491
1029  -41.7724
1030  -42.1322
1031  -42.0996
1032  -41.6633
1033  -41.5287
1034  -41.7255
1035  -41.5416
1036  -41.6306
1037  -41.5805
1038  -41.3632
1039  -41.8325
1040  -41.6769
1041  -40.4298
1042  -40.1227
1043  -39.5292
1044  -40.1057
1045  -40.31
1046  -40.6311
1047  -41.7426
1048  -41.3189
1049  -41.0568
1050  -40.6787
1051  -40.0252
1052  -39.8032
1053  -39.6377
1054  -39.4534
1055  -40.0293
1056  -39.7538
1057  -39.0195
1058  -38.8784
1059  -38.9043
1060  -38.55
1061  -39.1901
1062  -39.6073
1063  -39.3741
1064  -39.356
1065  -39.5626
1066  -40.6439
1067  -41.1704
1068  -40.6513
1069  -40.3725
1070  -40.2911
1071  -40.6004
1072  -41.1516
1073  -40.3827
1074  -39.2132
1075  -38.8562
1076  -37.7719
1077  -38.5148
1078  -38.7022
1079  -38.8139
1080  -38.6045
1081  -37.5266
1082  -37.8324
1083  -38.7704
1084  -39.8307
1085  -38.9876
1086  -38.8077
1087  -37.9731
1088  -37.2762
1089  -37.2139
1090  -36.8912
1091  -36.9614
1092  -36.9612
1093  -37.6269
1094  -37.7239
1095  -37.4522
1096  -37.5849
1097  -37.5288
1098  -37.6791
1099  -36.9818
1100  -36.5846
1101  -36.4598
1102  -36.8604
1103  -37.1265
1104  -37.1079
1105  -37.5406
1106  -37.3507
1107  -36.9282
1108  -37.4172
1109  -38.4122
1110  -38.6987
1111  -37.4698
1112  -36.6152
1113  -37.023
1114  -37.7851
1115  -37.8735
1116  -37.9766
1117  -37.45
1118  -37.4264
1119  -37.8159
1120  -38.9626
1121  -38.8003
1122  -37.7385
1123  -36.485
1124  -35.9251
1125  -35.175
1126  -35.0674
1127  -35.4128
1128  -35.859
1129  -36.2902
1130  -36.2727
1131  -36.3261
1132  -36.2303
1133  -36.1529
1134  -36.015
1135  -36.3163
1136  -35.809
1137  -35.3811
1138  -35.3776
1139  -35.3782
1140  -34.9272
1141  -34.3587
1142  -34.5356
1143  -34.5329
1144  -35.1682
1145  -35.2145
1146  -34.9265
1147  -34.7152
1148  -34.5965
1149  -34.9843
1150  -34.857
1151  -34.512
1152  -34.2625
1153  -34.7621
1154  -33.9328
1155  -34.3662
1156  -34.3287
1157  -34.2612
1158  -34.8433
1159  -34.5789
1160  -33.7869
1161  -33.646
1162  -33.9176
1163  -33.907
1164  -33.9084
1165  -33.5547
1166  -33.1688
1167  -32.9516
1168  -33.5899
1169  -33.5731
1170  -33.1834
1171  -32.8086
1172  -31.9431
1173  -31.7098
1174  -31.9739
1175  -32.2588
1176  -33.1732
1177  -33.0434
1178  -32.4946
1179  -32.3638
1180  -31.4208
1181  -31.2634
1182  -31.4914
1183  -32.1767
1184  -32.3408
1185  -31.9704
1186  -30.9316
1187  -30.5532
1188  -31.1533
1189  -32.0833
1190  -32.3097
1191  -32.0988
1192  -31.0575
1193  -31.1116
1194  -31.1601
1195  -31.836
1196  -31.8827
1197  -31.0249
1198  -30.8028
1199  -30.085
1200  -30.7771
1201  -31.613
1202  -31.3461
1203  -30.7491
1204  -30.8552
1205  -31.4343
1206  -31.4095
1207  -32.1194
1208  -31.3742
1209  -31.2294
1210  -31.0786
1211  -31.1932
1212  -30.9901
1213  -30.3847
1214  -29.9362
1215  -30.071
1216  -30.4885
1217  -31.436
1218  -31.5887
1219  -31.0697
1220  -30.5543
1221  -30.6494
1222  -30.7932
1223  -30.366
1224  -30.2781
1225  -30.0363
1226  -29.7609
1227  -30.2784
1228  -30.6952
1229  -30.5146
1230  -30.7391
1231  -30.4247
1232  -30.5939
1233  -30.8244
1234  -30.7614
1235  -30.9092
1236  -30.1168
1237  -30.1348
1238  -30.806
1239  -31.0293
1240  -31.1132
1241  -30.7901
1242  -29.9823
1243  -29.3002
1244  -29.4349
1245  -29.9424
1246  -30.3838
1247  -29.9549
1248  -29.9122
1249  -29.754
1250  -29.9013
1251  -29.8128
1252  -29.1038
1253  -29.0289
1254  -29.7271
1255  -30.0187
1256  -29.7537
1257  -28.9201
1258  -29.1852
1259  -29.9418
1260  -30.0868
1261  -30.2689
1262  -29.9205
1263  -28.7317
1264  -28.7117
1265  -28.7666
1266  -28.4762
1267  -28.6683
1268  -28.9024
1269  -28.32
1270  -28.8605
1271  -28.2607
1272  -28.5161
1273  -27.9988
1274  -28.4352
1275  -28.5542
1276  -28.2252
1277  -28.0304
1278  -28.3231
1279  -28.6629
1280  -29.7648
1281  -30.2559
1282  -30.1938
1283  -29.3714
1284  -28.6262
1285  -28.4834
1286  -28.4668
1287  -28.4207
1288  -27.8223
1289  -26.7493
1290  -27.0025
1291  -27.3852
1292  -27.7443
1293  -27.661
1294  -27.994
1295  -27.8536
1296  -27.8702
1297  -27.576
1298  -26.676
1299  -26.8544
1300  -27.5365
1301  -28.3544
1302  -28.1589
1303  -27.8777
1304  -27.5478
1305  -27.1069
1306  -27.6567
1307  -28.0924
1308  -28.158
1309  -28.1004
1310  -28.7015
1311  -28.5136
1312  -28.8512
1313  -28.6147
1314  -28.3531
1315  -28.3047
1316  -27.6996
1317  -27.1848
1318  -27.6242
1319  -28.2668
1320  -28.2571
1321  -28.3599
1322  -27.9568
1323  -27.6185
1324  -27.3264
1325  -27.5539
1326  -27.1185
1327  -27.0304
1328  -26.9601
1329  -26.7192
1330  -26.4604
1331  -26.8097
1332  -27.0402
1333  -27.0721
1334  -27.4307
1335  -27.5581
1336  -27.3967
1337  -27.1827
1338  -26.9284
1339  -26.6861
1340  -26.3068
1341  -26.7796
1342  -27.0822
1343  -26.8519
1344  -26.2088
1345  -26.5221
1346  -25.9363
1347  -26.2066
1348  -26.4049
1349  -26.5093
1350  -26.6497
1351  -26.1127
1352  -26.5096
1353  -26.7475
1354  -25.724
1355  -26.0147
1356  -25.6936
1357  -25.1743
1358  -25.4527
1359  -25.4323
1360  -25.2521
1361  -24.6419
1362  -24.5142
1363  -24.8625
1364  -25.3562
1365  -25.1603
1366  -25.2932
1367  -25.4799
1368  -25.7448
1369  -25.4941
1370  -25.1561
1371  -25.1264
1372  -26.0154
1373  -27.192
1374  -27.2671
1375  -26.0346
1376  -25.1184
1377  -25.4652
1378  -26.0435
1379  -26.7773
1380  -26.604
1381  -26.0974
1382  -25.9832
1383  -25.9825
1384  -25.7596
1385  -26.2328
1386  -26.0929
1387  -26.0906
1388  -25.8497
1389  -25.1758
1390  -25.6716
1391  -25.8664
1392  -25.3172
1393  -24.7994
1394  -25.0924
1395  -25.8205
1396  -25.9369
1397  -25.9579
1398  -25.3636
1399  -24.7585
1400  -24.7971
1401  -24.7827
1402  -25.4003
1403  -25.7299
1404  -25.6026
1405  -25.5624
1406  -25.388
1407  -25.4096
1408  -25.1716
1409  -25.361
1410  -25.0251
1411  -26.0211
1412  -25.8136
1413  -25.4671
1414  -25.3994
1415  -24.8411
1416  -25.1466
1417  -25.3806
1418  -24.8284
1419  -24.3924
1420  -23.8504
1421  -23.7922
1422  -24.2794
1423  -24.1626
1424  -23.9861
1425  -23.764
1426  -23.6583
1427  -24.3696
1428  -24.6767
1429  -24.7815
1430  -24.7445
1431  -24.4049
1432  -24.4179
1433  -24.7401
1434  -25.3956
1435  -24.741
1436  -23.7442
1437  -23.8856
1438  -24.508
1439  -24.729
1440  -25.2707
1441  -25.287
1442  -24.6828
1443  -25.1448
1444  -24.2133
1445  -23.6111
1446  -23.3624
1447  -23.7119
1448  -23.5545
1449  -23.2385
1450  -23.2373
1451  -22.6481
1452  -22.5607
1453  -23.0008
1454  -23.3028
1455  -23.876
1456  -24.4017
1457  -23.4768
1458  -23.4393
1459  -24.1849
1460  -24.4505
1461  -24.5571
1462  -23.984
1463  -24.2881
1464  -24.4797
1465  -24.3687
1466  -24.3651
1467  -24.2067
1468  -23.8968
1469  -23.5068
1470  -23.1885
1471  -23.375
1472  -23.6261
1473  -23.3788
1474  -23.2525
1475  -23.2755
1476  -23.6801
1477  -23.366
1478  -23.3581
1479  -23.3793
1480  -22.9228
1481  -22.8363
1482  -22.6873
1483  -22.4714
1484  -22.8121
1485  -22.9829
1486  -23.3557
1487  -23.8988
1488  -24.3932
1489  -24.567
1490  -24.4862
1491  -24.6583
1492  -24.1375
1493  -23.8683
1494  -24.0254
1495  -23.4587
1496  -23.4332
1497  -23.6808
1498  -22.802
1499  -23.0896
1500  -23.5011
1501  -23.8233
1502  -23.4549
1503  -23.0754
1504  -22.8847
1505  -22.4747
1506  -22.7838
1507  -22.6476
1508  -23.0168
1509  -22.8597
1510  -22.8092
1511  -23.223
1512  -23.5294
1513  -23.6621
1514  -23.9611
1515  -23.5008
1516  -22.8169
1517  -22.9952
1518  -23.2294
1519  -23.8235
1520  -23.9602
1521  -23.4465
1522  -23.3059
1523  -23.3938
1524  -23.2008
1525  -23.4403
1526  -23.6325
1527  -23.2317
1528  -22.8442
1529  -22.017
1530  -22.2786
1531  -22.1768
1532  -22.2239
1533  -22.854
1534  -23.0786
1535  -23.1878
1536  -22.488
1537  -22.7699
1538  -22.5941
1539  -22.6788
1540  -22.6544
1541  -22.6285
1542  -22.3409
1543  -22.4878
1544  -22.4822
1545  -22.6747
1546  -23.3918
1547  -23.4669
1548  -22.9418
1549  -22.8629
1550  -23.0374
1551  -22.8513
1552  -22.2772
1553  -21.7448
1554  -21.4376
1555  -21.1272
1556  -22.0225
1557  -22.7007
1558  -22.8882
1559  -22.1717
1560  -21.9112
1561  -21.6899
1562  -21.9127
1563  -21.8845
1564  -21.5123
1565  -21.3164
1566  -21.0131
1567  -22.1881
1568  -22.2131
1569  -21.7713
1570  -21.2555
1571  -21.0328
1572  -20.9046
1573  -20.8419
1574  -20.8435
1575  -20.8744
1576  -20.8162
1577  -21.543
1578  -21.2987
1579  -21.0029
1580  -20.6182
1581  -20.435
1582  -20.417
1583  -20.8469
1584  -20.9504
1585  -20.8234
1586  -20.8774
1587  -20.8284
1588  -21.5292
1589  -21.7651
1590  -21.1243
1591  -20.6171
1592  -20.2262
1593  -20.3666
1594  -21.5377
1595  -21.5565
1596  -20.9781
1597  -20.4985
1598  -20.3459
1599  -20.9778
1600  -20.7088
1601  -20.9214
1602  -20.7182
1603  -20.8096
1604  -21.6728
1605  -21.9392
1606  -22.0021
1607  -22.0186
1608  -21.1362
1609  -21.3689
1610  -21.298
1611  -21.0958
1612  -21.0244
1613  -21.4821
1614  -21.2611
1615  -20.8324
1616  -20.5137
1617  -20.3524
1618  -20.4972
1619  -20.4985
1620  -20.4993
1621  -20.0313
1622  -20.161
1623  -20.2009
1624  -20.6543
1625  -20.7213
1626  -20.6492
1627  -20.5859
1628  -20.155
1629  -20.9096
1630  -20.786
1631  -21.0579
1632  -20.6708
1633  -20.2761
1634  -19.9105
1635  -20.091
1636  -20.5207
1637  -20.3318
1638  -20.384
1639  -20.0789
1640  -20.0489
1641  -20.8685
1642  -20.745
1643  -20.0414
1644  -20.5053
1645  -20.8325
1646  -21.0585
1647  -21.0286
1648  -20.6539
1649  -20.387
1650  -21.0111
1651  -21.0817
1652  -21.5591
1653  -21.6877
1654  -21.3093
1655  -21.0067
1656  -21.2565
1657  -20.536
1658  -19.7789
1659  -19.8811
1660  -19.7831
1661  -20.6033
1662  -20.7449
1663  -20.9295
1664  -20.4481
1665  -20.4492
1666  -20.4093
1667  -20.3021
1668  -20.3105
1669  -20.015
1670  -20.5274
1671  -20.882
1672  -20.5655
1673  -20.741
1674  -20.9738
1675  -20.6628
1676  -20.3628
1677  -20.3826
1678  -20.4294
1679  -20.517
1680  -19.9249
1681  -19.5554
1682  -19.6244
1683  -19.3512
1684  -19.2336
1685  -19.3606
1686  -19.468
1687  -19.4185
1688  -19.4478
1689  -19.5297
1690  -19.7633
1691  -20.3737
1692  -19.846
1693  -19.7054
1694  -19.4996
1695  -19.4439
1696  -19.3582
1697  -19.7426
1698  -19.8527
1699  -20.1139
1700  -19.4004
1701  -19.052
1702  -18.1658
1703  -18.5293
1704  -18.5209
1705  -19.0972
1706  -19.237
1707  -19.6489
1708  -19.598
1709  -18.7833
1710  -19.1146
1711  -18.9384
1712  -18.7482
1713  -19.0032
1714  -18.6342
1715  -18.8122
1716  -18.9801
1717  -19.2131
1718  -19.5123
1719  -19.674
1720  -19.1684
1721  -19.0584
1722  -18.696
1723  -19.018
1724  -18.7419
1725  -19.283
1726  -19.8204
1727  -19.5973
1728  -19.226
1729  -18.0969
1730  -18.035
1731  -18.1732
1732  -18.0763
1733  -18.5086
1734  -18.6167
1735  -18.79
1736  -19.0778
1737  -18.4697
1738  -17.9873
1739  -18.1474
1740  -18.7889
1741  -18.8834
1742  -18.4626
1743  -18.0506
1744  -18.3844
1745  -18.8136
1746  -19.0801
1747  -18.8188
1748  -18.1431
1749  -17.9982
1750  -18.2464
1751  -18.9722
1752  -18.5561
1753  -18.5271
1754  -18.4788
1755  -19.3914
1756  -18.8291
1757  -18.8195
1758  -18.6341
1759  -18.9114
1760  -18.3707
1761  -18.1955
1762  -18.0409
1763  -18.2602
1764  -18.6357
1765  -19.0118
1766  -18.6489
1767  -19.2516
1768  -19.6233
1769  -19.6788
1770  -19.4683
1771  -19.5017
1772  -19.6825
1773  -19.2808
1774  -19.6678
1775  -19.0358
1776  -19.5433
1777  -19.6565
1778  -19.5742
1779  -19.206
1780  -18.7594
1781  -18.9941
1782  -19.255
1783  -19.8536
1784  -20.2576
1785  -19.5941
1786  -18.93
1787  -18.577
1788  -18.8739
1789  -18.5879
1790  -18.2664
1791  -18.1184
1792  -18.019
1793  -18.4784
1794  -18.0485
1795  -17.7605
1796  -18.5325
1797  -18.734
1798  -18.5261
1799  -18.0272
1800  -18.1494
1801  -18.0373
1802  -18.6051
1803  -18.8945
1804  -18.8837
1805  -18.6326
1806  -18.1908
1807  -17.6321
1808  -17.98
1809  -18.3857
1810  -18.4279
1811  -17.8133
1812  -17.6917
1813  -18.2584
1814  -17.6604
1815  -17.3746
1816  -17.2098
1817  -17.7218
1818  -17.5417
1819  -17.6342
1820  -18.146
1821  -17.7791
1822  -17.2628
1823  -17.5149
1824  -16.8599
1825  -16.4313
1826  -17.21
1827  -17.4239
1828  -17.5309
1829  -17.7134
1830  -17.3706
1831  -17.4164
1832  -17.8433
1833  -17.7333
1834  -17.673
1835  -17.2757
1836  -16.7758
1837  -16.8159
1838  -17.1593
1839  -17.1674
1840  -16.9173
1841  -16.8131
1842  -16.4019
1843  -16.9875
1844  -16.911
1845  -17.1624
1846  -17.1813
1847  -17.1976
1848  -17.181
1849  -17.0934
1850  -17.1213
1851  -17.0289
1852  -17.2787
1853  -16.9028
1854  -16.5291
1855  -16.5447
1856  -17.379
1857  -17.6399
1858  -17.9014
1859  -17.7481
1860  -17.5833
1861  -17.1193
1862  -17.323
1863  -17.4278
1864  -18.0945
1865  -17.5587
1866  -17.1833
1867  -17.0672
1868  -16.7648
1869  -16.4466
1870  -16.5186
1871  -17.2212
1872  -17.6966
1873  -18.3047
1874  -17.5343
1875  -16.7847
1876  -16.1937
1877  -16.3765
1878  -16.4325
1879  -16.396
1880  -16.7351
1881  -16.6443
1882  -16.5635
1883  -17.3693
1884  -16.8149
1885  -15.9998
1886  -15.5256
1887  -15.4718
1888  -16.0946
1889  -16.5686
1890  -16.5954
1891  -16.285
1892  -16.5897
1893  -16.3821
1894  -16.7251
1895  -16.5976
1896  -15.9427
1897  -16.4641
1898  -17.0254
1899  -17.2719
1900  -16.8559
1901  -16.221
1902  -16.0435
1903  -16.6012
1904  -16.3176
1905  -16.1402
1906  -15.7001
1907  -15.9859
1908  -15.9068
1909  -16.5233
1910  -16.7102
1911  -16.2435
1912  -15.6813
1913  -16.1714
1914  -16.4499
1915  -16.8602
1916  -17.3132
1917  -16.9664
1918  -16.0349
1919  -16.1296
1920  -16.9049
1921  -16.3364
1922  -16.9458
1923  -16.6102
1924  -16.18
1925  -16.1125
1926  -15.5701
1927  -15.6424
1928  -15.9148
1929  -15.7602
1930  -15.7745
1931  -15.9735
1932  -16.1192
1933  -15.8013
1934  -15.4003
1935  -15.4301
1936  -15.7913
1937  -16.264
1938  -16.3789
1939  -16.1941
1940  -15.3434
1941  -15.1773
1942  -15.702
1943  -15.5252
1944  -15.6652
1945  -15.5725
1946  -15.4751
1947  -15.8473
1948  -15.6598
1949  -15.5701
1950  -15.1775
1951  -15.2857
1952  -16.0229
1953  -16.3198
1954  -16.0479
1955  -15.7841
1956  -14.5971
1957  -14.772
1958  -14.9952
1959  -16.0005
1960  -16.8378
1961  -16.4947
1962  -15.8941
1963  -15.6082
1964  -15.6098
1965  -15.5003
1966  -15.2761
1967  -14.604
1968  -14.3784
1969  -14.9944
1970  -14.9297
1971  -15.6724
1972  -15.4459
1973  -15.2244
1974  -15.1831
1975  -15.6246
1976  -15.5305
1977  -15.4748
1978  -15.3634
1979  -15.4523
1980  -15.5906
1981  -15.6476
1982  -14.8325
1983  -14.4997
1984  -14.6427
1985  -14.3127
1986  -14.8998
1987  -14.923
1988  -14.7835
1989  -14.5332
1990  -14.4408
1991  -14.5293
1992  -14.1411
1993  -14.735
1994  -15.2963
1995  -15.608
1996  -15.9547
1997  -15.5351
1998  -15.2583
1999  -15.4427
2000  -15.454
2001  -15.4933
2002  -15.0436
2003  -14.5708
2004  -15.0427
2005  -15.7983
2006  -16.1319
2007  -15.778
2008  -15.5274
2009  -14.9568
2010  -15.3332
2011  -16.0875
2012  -16.6316
2013  -17.0143
2014  -16.7885
2015  -16.0161
2016  -15.9341
2017  -15.8734
2018  -15.8419
2019  -15.5982
2020  -15.7742
2021  -15.1836
2022  -15.7648
2023  -15.925
2024  -15.6891
2025  -16.4717
2026  -16.3233
2027  -16.3056
2028  -16.0884
2029  -16.0061
2030  -16.0608
2031  -15.5158
2032  -15.2875
2033  -14.9955
2034  -15.0386
2035  -15.8484
2036  -15.5333
2037  -15.306
2038  -15.4929
2039  -15.6288
2040  -15.3857
2041  -15.4192
2042  -15.4294
2043  -15.5492
2044  -15.5353
2045  -15.9482
2046  -16.1384
2047  -15.872
2048  -15.425
2049  -15.2789
2050  -15.3665
2051  -15.5919
2052  -15.4051
2053  -15.0181
2054  -14.4254
2055  -14.5413
2056  -15.0964
2057  -15.0537
2058  -15.5019
2059  -15.0548
2060  -15.3825
2061  -16.1201
2062  -15.4334
2063  -15.5234
2064  -15.2287
2065  -14.82
2066  -15.4047
2067  -15.8858
2068  -16.261
2069  -15.0939
2070  -14.9053
2071  -14.7441
2072  -15.4556
2073  -15.5183
2074  -15.3038
2075  -14.7088
2076  -14.5118
2077  -14.8796
2078  -15.4469
2079  -15.382
2080  -15.109
2081  -15.1997
2082  -15.3462
2083  -15.4306
2084  -15.2274
2085  -14.963
2086  -14.3674
2087  -14.3325
2088  -15.4
2089  -15.8987
2090  -15.8511
2091  -15.1206
2092  -14.9171
2093  -14.991
2094  -14.9622
2095  -15.0942
2096  -15.1481
2097  -14.7018
2098  -14.1645
2099  -13.6257
2100  -13.0453
2101  -13.3079
2102  -13.8192
2103  -14.1224
2104  -14.6802
2105  -14.4309
2106  -14.4707
2107  -13.9131
2108  -13.7682
2109  -14.3226
2110  -13.9207
2111  -13.906
2112  -14.4123
2113  -14.4817
2114  -14.8058
2115  -14.1063
2116  -13.3871
2117  -13.829
2118  -14.1564
2119  -14.1173
2120  -14.1245
2121  -14.4211
2122  -14.52
2123  -15.0335
2124  -16.0845
2125  -15.7407
2126  -14.8725
2127  -14.5854
2128  -14.473
2129  -14.3729
2130  -15.1147
2131  -14.9937
2132  -15.1837
2133  -14.9261
2134  -15.1365
2135  -15.4768
2136  -15.6591
2137  -15.2698
2138  -15.05
2139  -15.2967
2140  -14.8583
2141  -14.7432
2142  -15.4345
2143  -14.8377
2144  -15.0015
2145  -14.9925
2146  -14.6217
2147  -14.8668
2148  -14.9077
2149  -14.6403
2150  -14.5081
2151  -14.7548
2152  -15.3328
2153  -15.5934
2154  -15.4815
2155  -14.9043
2156  -14.8113
2157  -15.1201
2158  -15.7177
2159  -16.1797
2160  -15.7955
2161  -15.987
2162  -15.8464
2163  -15.3734
2164  -15.8395
2165  -15.3323
2166  -14.6916
2167  -14.2663
2168  -14.1834
2169  -14.7362
2170  -15.2595
2171  -15.0201
2172  -15.36
2173  -15.4999
2174  -15.5405
2175  -15.3
2176  -15.4291
2177  -15.1589
2178  -16.0824
2179  -15.9205
2180  -15.5614
2181  -15.8725
2182  -15.8331
2183  -15.7945
2184  -16.1482
2185  -15.8641
2186  -15.7991
2187  -16
2188  -15.7164
2189  -15.7717
2190  -15.8379
2191  -16.0821
2192  -15.6943
2193  -15.5291
2194  -15.2699
2195  -15.89
2196  -15.9546
2197  -16.1982
2198  -15.1573
2199  -15.3489
2200  -15.3046
2201  -16.1599
2202  -16.2898
2203  -15.8142
2204  -15.0749
2205  -15.1151
2206  -14.8242
2207  -15.1852
2208  -14.8257
2209  -15.0042
2210  -14.5079
2211  -14.977
2212  -15.2562
2213  -15.746
2214  -15.1412
2215  -14.7362
2216  -14.4694
2217  -14.0583
2218  -14.148
2219  -14.9043
2220  -14.8291
2221  -14.4929
2222  -14.0809
2223  -13.8695
2224  -14.3778
2225  -14.246
2226  -13.5039
2227  -13.5685
2228  -13.5561
2229  -13.464
2230  -14.0569
2231  -14.0499
2232  -14.0767
2233  -13.5661
2234  -13.8994
2235  -13.7624
2236  -13.5746
2237  -13.6389
2238  -13.6175
2239  -13.4945
2240  -13.7562
2241  -14.7298
2242  -14.1351
2243  -14.296
2244  -13.808
2245  -13.6258
2246  -13.423
2247  -13.5897
2248  -13.712
2249  -14.1944
2250  -14.0978
2251  -13.4892
2252  -12.8743
2253  -13.7537
2254  -13.624
2255  -13.4648
2256  -13.5754
2257  -13.8015
2258  -14.1573
2259  -14.4278
2260  -14.6625
2261  -14.544
2262  -14.165
2263  -14.0102
2264  -13.5596
2265  -13.872
2266  -14.071
2267  -13.4862
2268  -13.2796
2269  -13.1329
2270  -13.3637
2271  -14.3157
2272  -14.7033
2273  -14.9335
2274  -14.57
2275  -14.0413
2276  -14.6204
2277  -14.2336
2278  -14.0342
2279  -13.5751
2280  -13.2373
2281  -13.0011
2282  -13.4622
2283  -13.4163
2284  -13.9814
2285  -14.0828
2286  -14.579
2287  -13.7066
2288  -12.9917
2289  -12.7419
2290  -13.6773
2291  -13.5816
2292  -14.0445
2293  -13.9822
2294  -13.5262
2295  -13.5937
2296  -13.9702
2297  -13.7415
2298  -13.3963
2299  -13.6324
2300  -14.0946
2301  -14.6522
2302  -14.3303
2303  -14.1193
2304  -14.3696
2305  -14.28
2306  -14.0945
2307  -14.4604
2308  -14.3117
2309  -14.2043
2310  -14.346
2311  -14.2553
2312  -13.9498
2313  -13.3276
2314  -13.5398
2315  -13.8367
2316  -14.3696
2317  -13.8439
2318  -13.9594
2319  -13.927
2320  -13.8764
2321  -14.8738
2322  -14.4037
2323  -14.2219
2324  -14.3642
2325  -14.59
2326  -14.5255
2327  -14.7418
2328  -14.9137
2329  -14.6007
2330  -14.5878
2331  -14.393
2332  -14.4464
2333  -14.7249
2334  -14.5462
2335  -14.6354
2336  -14.7961
2337  -14.7288
2338  -14.6197
2339  -14.6374
2340  -14.5476
2341  -14.3102
2342  -14.2514
2343  -14.2426
2344  -14.6665
2345  -15.0054
2346  -14.5768
2347  -13.7031
2348  -13.4779
2349  -12.9482
2350  -13.8305
2351  -14.3047
2352  -14.1009
2353  -14.2429
2354  -13.7059
2355  -13.8041
2356  -14.0689
2357  -13.5119
2358  -14.0704
2359  -14.1325
2360  -14
2361  -14.4195
2362  -14.5389
2363  -14.879
2364  -14.9652
2365  -15.2722
2366  -15.2711
2367  -14.9748
2368  -14.7072
2369  -14.4382
2370  -14.9591
2371  -14.7959
2372  -14.9652
2373  -15.0686
2374  -14.9754
2375  -14.7781
2376  -14.7731
2377  -14.3815
2378  -14.6565
2379  -14.9224
2380  -14.3337
2381  -14.0109
2382  -13.6675
2383  -14.0897
2384  -13.9707
2385  -13.7855
2386  -14.2694
2387  -14.0569
2388  -13.9971
2389  -14.4904
2390  -14.6162
2391  -14.3992
2392  -14.4499
2393  -14.1231
2394  -14.4876
2395  -14.4976
2396  -14.2226
2397  -14.1628
2398  -13.5599
2399  -13.6065
2400  -14.063
2401  -13.9163
2402  -14.122
2403  -13.2449
2404  -13.8798
2405  -13.8001
2406  -14.5598
2407  -14.5804
2408  -15.2743
2409  -15.0856
2410  -15.0541
2411  -15.2958
2412  -14.7459
2413  -13.9363
2414  -13.8121
2415  -14.6438
2416  -14.0057
2417  -14.8122
2418  -14.6189
2419  -14.452
2420  -15.0159
2421  -14.6033
2422  -14.3263
2423  -14.0791
2424  -14.6474
2425  -15.1132
2426  -15.1145
2427  -15.0058
2428  -14.6159
2429  -14.4925
2430  -14.8138
2431  -14.5434
2432  -14.5246
2433  -14.5486
2434  -14.481
2435  -14.2821
2436  -13.9835
2437  -14.2409
2438  -14.9005
2439  -15.0044
2440  -14.4931
2441  -14.5035
2442  -14.0031
2443  -14.4583
2444  -14.8359
2445  -14.5222
2446  -14.2089
2447  -13.8594
2448  -14.4512
2449  -14.7879
2450  -14.7814
2451  -15.308
2452  -14.5048
2453  -13.7553
2454  -13.5137
2455  -13.7335
2456  -14.2653
2457  -14.4588
2458  -14.0197
2459  -13.9482
2460  -13.8778
2461  -13.9487
2462  -13.5004
2463  -13.3403
2464  -13.1932
2465  -13.233
2466  -12.7791
2467  -12.4182
2468  -12.8227
2469  -13.6899
2470  -14.2674
2471  -14.5098
2472  -14.5531
2473  -13.6485
2474  -13.2567
2475  -13.5187
2476  -14.1194
2477  -14.5095
2478  -14.6586
2479  -15.295
2480  -14.6642
2481  -14.4405
2482  -14.1688
2483  -14.2477
2484  -14.285
2485  -14.3998
2486  -14.1849
2487  -13.782
2488  -14.0863
2489  -14.0018
2490  -14.1952
2491  -13.4496
2492  -13.0546
2493  -13.1059
2494  -13.101
2495  -12.9342
2496  -13.2613
2497  -13.2296
2498  -13.5639
2499  -13.7742
