0  -0.528377
1  -0.743372
2  0.0932771
3  -0.179542
4  0.278001
5  0.098758
6  -1.15935
7  -0.311187
8  -0.623011
9  -0.198839
10  -0.638409
11  -0.254797
12  -0.613525
13  0.442967
14  -0.343337
15  0.405159
16  0.407409
17  -0.484257
18  0.111017
19  -0.619939
20  -0.879477
21  0.294871
22  -0.104019
23  0.0625706
24  -0.228109
25  0.119656
26  -0.962929
27  0.846047
28  -0.148358
29  -0.114276
30  -0.514017
31  -0.451094
32  -0.966154
33  -0.314844
34  -1.29971
35  -0.564657
36  -0.396363
37  -0.900313
38  -0.100259
39  -0.0228215
40  0.381569
41  0.822672
42  0.450949
43  -0.222823
44  -0.467216
45  -0.0532403
46  -0.616495
47  0.00695508
48  -0.765071
49  0.412708
50  0.406697
51  0.14993
52  0.904924
53  -0.400929
54  -0.789422
55  -0.434112
56  -1.08351
57  -0.159273
58  -0.39429
59  -0.371907
60  0.945384
61  0.599078
62  -0.378419
63  -0.196595
64  0.311546
65  -0.0348426
66  0.16925
67  0.649414
68  0.311697
69  0.760063
70  -0.830696
71  0.779641
72  0.131149
73  -0.0503202
74  -0.324746
75  -0.0163398
76  0.503005
77  -0.617534
78  -0.470764
79  0.831422
80  -0.0535438
81  -0.776142
82  0.319621
83  0.689203
84  0.124373
85  0.806741
86  -0.00640271
87  -0.830014
88  -0.458216
89  0.181233
90  -0.334386
91  -0.0156521
92  1.05424
93  0.533079
94  0.269908
95  0.547923
96  0.12469
97  -0.512903
98  0.194185
99  -0.54599
100  0.316917
101  -0.772808
102  0.493566
103  -0.0169712
104  -0.314878
105  0.148762
106  -0.401056
107  -0.787123
108  -0.649781
109  -0.0815685
110  1.12183
111  0.578481
112  -0.615275
113  -0.135308
114  -1.19037
115  -0.623349
116  -0.278233
117  0.337755
118  0.241525
119  0.15385
120  -0.121363
121  -0.155684
122  -0.0767371
123  -1.04427
124  -0.232581
125  0.207731
126  0.00172488
127  -0.426851
128  -0.432508
129  0.160376
130  0.540394
131  0.806108
132  0.1876
133  -1.3438
134  -0.471495
135  0.119439
136  -0.408741
137  -0.4502
138  0.0368267
139  -0.325202
140  -0.338393
141  0.363192
142  -0.722797
143  0.102909
144  0.611524
145  -0.143297
146  -0.244842
147  0.670304
148  0.576609
149  -0.134876
150  1.79652
151  0.131043
152  0.00136962
153  -0.632451
154  -0.425456
155  -0.055238
156  -0.523957
157  0.690011
158  -0.0184815
159  -0.481889
160  1.07398
161  -0.886552
162  -0.815247
163  -1.05174
164  0.0530404
165  0.131526
166  -1.54545
167  0.0115173
168  0.218312
169  0.523196
170  -0.326488
171  -0.291167
172  1.17983
173  -0.326781
174  -0.238927
175  -1.08831
176  -0.580964
177  -0.0114811
178  0.413604
179  0.060373
180  0.00614951
181  -0.596646
182  0.0840109
183  -0.154781
184  -0.17904
185  0.55208
186  0.486938
187  0.97963
188  0.143626
189  0.172033
190  -0.393272
191  -0.0956086
192  -0.297346
193  -0.995595
194  -0.769623
195  0.581532
196  -0.249923
197  -0.513203
198  -0.26461
199  -0.239961
200  0.237109
201  0.274198
202  0.432999
203  -0.873716
204  -0.173824
205  0.0781835
206  0.166553
207  -0.120885
208  0.808099
209  -0.41296
210  0.00785055
211  0.560358
212  -0.3893
213  -0.188074
214  0.214223
215  -0.124307
216  0.0673635
217  -0.981073
218  -0.53431
219  0.189824
220  -0.3168
221  0.876143
222  0.734539
223  -0.506401
224  0.978632
225  0.131668
226  0.215302
227  0.724354
228  0.053698
229  -0.442913
230  -0.196197
231  0.498378
232  -0.314464
233  0.846768
234  0.0534922
235  0.0457317
236  -0.595099
237  0.100528
238  -0.62042
239  0.452816
240  0.29405
241  0.329597
242  -0.706051
243  1.02261
244  0.266072
245  -0.997473
246  1.26342
247  -0.496296
248  0.416272
249  0.686985
250  -0.2978
251  0.192015
252  -0.0591263
253  -0.588395
254  0.237121
255  0.660397
256  0.843719
257  -0.365142
258  0.0294902
259  0.78784
260  0.0894841
261  -0.886136
262  0.407795
263  -0.443307
264  -0.822972
265  -0.726484
266  0.365057
267  0.427913
268  0.308244
269  -0.140766
270  -1.11941
271  -0.774015
272  0.364438
273  0.00590211
274  -0.242497
275  1.48052
276  -0.54674
277  -0.540665
278  -0.665265
279  0.255698
280  1.1167
281  0.50233
282  -0.192273
283  0.102435
284  -0.123141
285  -0.253046
286  -0.275374
287  -0.681088
288  0.377334
289  -1.51884
290  0.638844
291  0.317947
292  -0.207711
293  -0.237616
294  -0.605703
295  -1.57603
296  2.0119
297  0.400116
298  0.235755
299  2.09431
300  0.0983609
301  1.11719
302  -0.709332
303  0.52318
304  0.143716
305  -0.694072
306  0.192103
307  -0.434291
308  -0.29364
309  0.274621
310  -0.01752
311  -0.0195675
312  0.788064
313  -0.50481
314  -0.365852
315  -0.947099
316  -0.508988
317  0.804212
318  0.810487
319  -0.433865
320  0.463002
321  -0.175534
322  0.189234
323  0.647457
324  0.594148
325  0.413946
326  -0.208794
327  0.680828
328  0.0154422
329  -0.0395566
330  0.111364
331  1.26296
332  0.505154
333  -0.252442
334  0.585275
335  0.716567
336  0.278305
337  -0.212765
338  0.900111
339  0.296354
340  -0.0506917
341  1.06362
342  -0.218857
343  -0.841783
344  -1.31687
345  -0.439076
346  -0.337466
347  0.478825
348  0.409968
349  0.354744
350  0.0307797
351  0.282246
352  0.390012
353  -0.0560412
354  0.634346
355  0.404075
356  0.0259415
357  -0.608573
358  0.861924
359  0.147212
360  0.554401
361  0.024159
362  0.0829814
363  -0.903598
364  -0.303719
365  0.195669
366  0.67858
367  -0.0282558
368  -0.42422
369  0.60058
370  0.414484
371  -0.0225784
372  0.211141
373  0.837896
374  -0.254245
375  -0.393148
376  0.436217
377  0.411875
378  0.369009
379  0.603442
380  0.0900622
381  -0.405564
382  1.44747
383  -0.176806
384  0.0653685
385  0.188471
386  0.97076
387  1.50142
388  0.483593
389  -0.982987
390  -0.539835
391  -0.0662909
392  -0.237085
393  0.284879
394  0.153679
395  -0.0871422
396  -0.713263
397  0.696065
398  -0.191686
399  0.885442
400  -0.276269
401  -0.0886529
402  -0.0282441
403  -0.110247
404  -0.478822
405  0.459819
406  -0.408903
407  -0.358401
408  0.564301
409  -0.575443
410  0.0429951
411  -0.783635
412  0.111926
413  0.455911
414  -0.426772
415  -0.786211
416  0.273786
417  -0.00186658
418  -0.258497
419  0.544757
420  1.61961
421  -0.448109
422  -1.01563
423  0.105313
424  0.0776122
425  0.171424
426  0.190497
427  0.0482257
428  -0.055598
429  -0.351133
430  -0.556082
431  0.0610464
432  -0.556571
433  -0.915397
434  -0.240748
435  0.225283
436  -0.693979
437  0.112275
438  -0.920024
439  -0.91596
440  -0.217591
441  -0.522669
442  -0.804957
443  -0.696928
444  0.180421
445  0.65155
446  0.436778
447  -0.100996
448  1.08123
449  0.0410102
450  0.13474
451  -0.966141
452  -0.0380467
453  -1.67699
454  -1.34793
455  0.377111
456  -0.864677
457  0.168463
458  -0.373184
459  -0.410921
460  -1.11824
461  0.345175
462  0.52708
463  0.403137
464  -1.59103
465  0.329903
466  0.182364
467  -0.64649
468  0.214383
469  -0.213394
470  -0.252665
471  -0.967965
472  -1.19449
473  -0.671919
474  -0.0326356
475  -0.859136
476  0.543166
477  0.76651
478  0.0346445
479  0.639482
480  1.35828
481  -0.272413
482  -0.44008
483  0.138825
484  -0.30904
485  0.624807
486  -1.09178
487  -0.674686
488  -0.775952
489  -0.0901436
490  -1.29629
491  1.49855
492  -0.962243
493  -0.529445
494  0.499538
495  -0.0778697
496  0.143873
497  -0.867256
498  0.118634
499  -0.136169
500  -1.05767
501  0.430545
502  -0.918238
503  0.0532856
504  -0.232743
505  -0.113193
506  -0.0253332
507  0.251171
508  -1.4646
509  -14.2085
510  -103.138
511  -388.764
512  -929.813
513  -1615.92
514  -2260.29
515  -2733.55
516  -2988.05
517  -3040.83
518  -2949.73
519  -2769.4
520  -2536.17
521  -2277.07
522  -2010.76
523  -1754.06
524  -1515.91
525  -1304.87
526  -1125.9
527  -972.168
528  -840.774
529  -727.606
530  -629.146
531  -541.155
532  -467.897
533  -405.276
534  -351.23
535  -309.859
536  -275.808
537  -246.381
538  -224.126
539  -207.683
540  -192.715
541  -179.084
542  -166.029
543  -155.429
544  -145.824
545  -136.712
546  -129.35
547  -123.583
548  -117.87
549  -114.554
550  -112.224
551  -108.605
552  -107.493
553  -106.602
554  -101.75
555  -97.6147
556  -94.2669
557  -89.9081
558  -84.8726
559  -80.0092
560  -77.7273
561  -75.8728
562  -75.8747
563  -75.6844
564  -76.9118
565  -76.5292
566  -76.7193
567  -75.5829
568  -73.6495
569  -69.9083
570  -65.7183
571  -59.1472
572  -55.4886
573  -53.7296
574  -52.1644
575  -51.5725
576  -51.999
577  -53.419
578  -54.435
579  -55.9621
580  -57.0183
581  -55.8464
582  -54.5328
583  -51.0283
584  -48.1599
585  -44.2709
586  -43.1063
587  -42.0614
588  -42.6018
589  -42.7436
590  -44.1357
591  -46.3359
592  -47.3903
593  -45.4174
594  -44.7954
595  -42.7636
596  -39.9692
597  -40.1608
598  -37.576
599  -35.8752
600  -35.1187
601  -34.0833
602  -33.5521
603  -35.3772
604  -37.0532
605  -37.4688
606  -40.4604
607  -41.1975
608  -41.8353
609  -41.1373
610  -41.4787
611  -39.289
612  -35.6776
613  -33.6788
614  -33.1019
615  -31.6724
616  -31.9841
617  -31.6615
618  -33.586
619  -33.1866
620  -32.6951
621  -31.7066
622  -31.0821
623  -31.1579
624  -28.3496
625  -26.2375
626  -22.0451
627  -19.9612
628  -16.1463
629  -14.1624
630  -13.8245
631  -12.8816
632  -13.063
633  -13.2845
634  -13.6633
635  -14.0027
636  -13.5819
637  -12.4776
638  -12.0982
639  -12.3954
640  -12.0011
641  -11.98
642  -11.9158
643  -11.0139
644  -12.0568
645  -12.818
646  -15.95
647  -18.8208
648  -22.5507
649  -25.9427
650  -31.2279
651  -35.4208
652  -41.8951
653  -51.3942
654  -59.1258
655  -65.7622
656  -71.3057
657  -73.6972
658  -72.7141
659  -69.4446
660  -66.676
661  -62.0936
662  -57.2111
663  -52.0695
664  -46.2536
665  -40.2347
666  -35.941
667  -32.4251
668  -27.9608
669  -25.4014
670  -22.6233
671  -19.9865
672  -17.7719
673  -17.199
674  -15.7207
675  -15.1103
676  -14.1127
677  -12.7288
678  -12
679  -8.96499
680  -7.83197
681  -6.13698
682  -5.29113
683  -5.08523
684  -6.00284
685  -5.32383
686  -6.32346
687  -7.59472
688  -8.69068
689  -8.46198
690  -9.3437
691  -9.44149
692  -10.1998
693  -9.82875
694  -10.4515
695  -10.5303
696  -10.6625
697  -10.9594
698  -12.3601
699  -11.7131
700  -9.69745
701  -10.8331
702  -9.83725
703  -9.65149
704  -8.26546
705  -8.49918
706  -6.88205
707  -5.6916
708  -6.22157
709  -6.84597
710  -5.98132
711  -8.19921
712  -7.96775
713  -7.55309
714  -8.9664
715  -7.84457
716  -8.16478
717  -8.47989
718  -7.53488
719  -6.95867
720  -6.36824
721  -6.50583
722  -6.98518
723  -4.87457
724  -5.59267
725  -4.96366
726  -5.54411
727  -5.72811
728  -5.67796
729  -5.64866
730  -5.86455
731  -6.2813
732  -5.56845
733  -4.59523
734  -4.38899
735  -4.41254
736  -4.96045
737  -4.51015
738  -4.13823
739  -4.24715
740  -4.32075
741  -4.54079
742  -4.01523
743  -3.92545
744  -3.02706
745  -3.21209
746  -3.14405
747  -4.70227
748  -4.6212
749  -4.26059
750  -5.11191
751  -6.77376
752  -9.79457
753  -14.0314
754  -17.2347
755  -19.4672
756  -22.3804
757  -24.1454
758  -24.9474
759  -26.6734
760  -26.2165
761  -26.018
762  -26.1305
763  -25.9633
764  -25.1684
765  -26.2934
766  -26.0574
767  -25.916
768  -24.9697
769  -26.0581
770  -25.1287
771  -24.6103
772  -24.9371
773  -24.4814
774  -26.3869
775  -27.0103
776  -26.659
777  -25.8265
778  -21.7973
779  -18.5985
780  -14.0065
781  -9.01568
782  -4.67431
783  2.38322
784  6.20138
785  10.1951
786  13.7479
787  15.5188
788  17.8029
789  19.709
790  18.7881
791  19.8485
792  20.0071
793  19.4742
794  17.8845
795  18.2063
796  17.5642
797  15.5801
798  16.0695
799  15.7589
800  15.52
801  14.1172
802  13.7904
803  13.1775
804  11.7984
805  12.6674
806  11.0179
807  10.1003
808  10.4234
809  10.9471
810  10.0683
811  9.99422
812  10.2727
813  8.70115
814  8.39296
815  9.47313
816  9.42347
817  8.9361
818  8.71224
819  7.95313
820  7.05445
821  7.43273
822  6.60316
823  6.73597
824  5.91398
825  6.67315
826  7.03706
827  6.14503
828  5.75153
829  6.01118
830  6.42035
831  6.34001
832  5.37335
833  6.11254
834  4.78997
835  3.99292
836  4.7945
837  5.13694
838  4.80654
839  5.88178
840  4.69838
841  4.33308
842  4.27628
843  4.25375
844  4.62416
845  4.66371
846  3.50977
847  3.54487
848  3.79533
849  3.47897
850  2.74751
851  3.50903
852  3.94958
853  3.54394
854  3.20248
855  4.67663
856  3.28512
857  2.48084
858  2.82391
859  2.63055
860  2.11506
861  2.85601
862  2.85043
863  1.64107
864  2.28887
865  1.19295
866  2.17509
867  3.03521
868  2.01943
869  2.40128
870  3.29396
871  3.4698
872  2.89541
873  2.52868
874  2.83947
875  3.0098
876  3.28618
877  2.2784
878  3.42137
879  2.69332
880  3.86459
881  3.17902
882  3.46028
883  2.48973
884  3.20253
885  2.89642
886  3.33975
887  3.26757
888  1.79218
889  1.65571
890  3.06663
891  1.29352
892  2.787
893  3.13636
894  1.43214
895  1.61984
896  1.56314
897  2.51353
898  1.16972
899  0.840098
900  1.20515
901  1.46846
902  0.0227447
903  0.721594
904  1.11733
905  1.4067
906  0.850139
907  1.36993
908  1.42755
909  0.129241
910  1.11483
911  1.21186
912  1.2632
913  1.37122
914  -0.70372
915  1.42894
916  0.586131
917  0.349831
918  0.710834
919  1.79416
920  1.26552
921  1.60956
922  2.32612
923  2.9046
924  2.83608
925  2.73935
926  2.16936
927  2.30941
928  2.87299
929  2.64266
930  2.56583
931  3.07867
932  2.21859
933  2.01556
934  1.55103
935  1.74547
936  3.15243
937  3.14392
938  2.22938
939  1.71902
940  1.85206
941  2.0531
942  1.88496
943  1.5705
944  1.86649
945  1.15901
946  1.67266
947  2.22815
948  2.9525
949  2.89308
950  1.5344
951  2.04217
952  2.95273
953  1.61105
954  1.72911
955  2.42947
956  1.50105
957  1.22289
958  0.251554
959  1.44971
960  0.627689
961  0.393029
962  2.1025
963  2.05082
964  1.42955
965  2.13928
966  1.36286
967  2.45562
968  2.11683
969  1.34908
970  2.1739
971  0.931927
972  0.610142
973  1.89283
974  1.47164
975  2.1501
976  2.27826
977  1.67195
978  1.06986
979  2.36516
980  1.60257
981  1.01404
982  0.820517
983  1.41632
984  1.43844
985  0.856198
986  1.45566
987  0.579086
988  1.48666
989  1.61798
990  0.353401
991  1.13267
992  0.793587
993  1.04843
994  1.0718
995  1.49729
996  1.19838
997  0.320121
998  0.97508
999  1.32534
1000  1.23805
1001  0.391213
1002  1.58673
1003  0.697432
1004  0.735231
1005  1.40557
1006  0.994475
1007  0.952124
1008  0.272899
1009  0.0943115
1010  0.282896
1011  0.932194
1012  1.58544
1013  0.70868
1014  1.05041
1015  0.924804
1016  -0.0171989
1017  1.37297
1018  1.43539
1019  0.92778
1020  0.531212
1021  1.39562
1022  0.833009
1023  1.48119
1024  0.893262
1025  1.72328
1026  -0.253068
1027  1.42865
1028  1.5902
1029  1.41763
1030  1.28916
1031  1.43373
1032  2.60432
1033  2.49145
1034  1.81379
1035  1.23909
1036  1.198
1037  1.92995
1038  0.877145
1039  3.19864
1040  2.53528
1041  1.80324
1042  1.68024
1043  0.501714
1044  1.49536
1045  1.46582
1046  0.727626
1047  1.50172
1048  2.20286
1049  1.12091
1050  2.47612
1051  1.50644
1052  1.89408
1053  2.51872
1054  2.12309
1055  2.66324
1056  1.98874
1057  0.957412
1058  0.75744
1059  0.659318
1060  1.49347
1061  1.39389
1062  0.272124
1063  1.18111
1064  1.46138
1065  1.12156
1066  1.26662
1067  1.12593
1068  -0.0823988
1069  0.413473
1070  0.386122
1071  1.28384
1072  0.493806
1073  0.67362
1074  1.5143
1075  1.21128
1076  1.2643
1077  1.7565
1078  1.69437
1079  -0.366007
1080  0.833897
1081  2.01645
1082  0.980964
1083  0.831116
1084  0.217129
1085  2.19402
1086  1.40064
1087  0.898646
1088  1.48429
1089  1.99706
1090  0.681474
1091  1.24153
1092  1.0757
1093  0.899991
1094  0.528346
1095  1.65784
1096  0.843716
1097  1.32027
1098  0.791254
1099  0.284317
1100  1.18857
1101  1.63752
1102  1.05222
1103  0.125282
1104  1.32537
1105  0.851263
1106  0.896697
1107  0.115789
1108  1.23752
1109  0.985551
1110  1.58057
1111  0.98668
1112  1.79795
1113  0.627015
1114  0.580974
1115  0.397171
1116  0.461253
1117  1.0453
1118  1.53155
1119  -0.578875
1120  -0.321115
1121  -0.0496473
1122  0.883824
1123  0.899794
1124  0.677483
1125  0.506386
1126  0.575114
1127  0.562281
1128  0.881797
1129  0.356489
1130  0.324256
1131  1.31276
1132  1.93639
1133  0.821342
1134  1.00874
1135  1.3364
1136  1.33107
1137  0.741999
1138  0.478038
1139  0.72733
1140  0.683364
1141  0.997511
1142  1.04856
1143  -0.0137541
1144  0.713883
1145  1.20695
1146  0.851423
1147  1.18685
1148  -0.273608
1149  0.470376
1150  0.520211
1151  1.87825
1152  1.68604
1153  1.37004
1154  0.294889
1155  0.631498
1156  1.33573
1157  0.875347
1158  1.09709
1159  -0.0483561
1160  0.751914
1161  1.36461
1162  1.11207
1163  -0.432166
1164  1.2735
1165  0.978219
1166  0.705478
1167  0.297278
1168  0.100138
1169  0.408311
1170  -0.155064
1171  0.258119
1172  -0.107232
1173  0.717897
1174  0.493581
1175  0.108637
1176  0.506809
1177  0.595206
1178  0.50711
1179  1.74434
1180  0.613449
1181  1.02169
1182  0.587128
1183  0.946031
1184  0.167366
1185  -0.0364872
1186  0.588947
1187  -0.159252
1188  0.166745
1189  -0.985036
1190  0.18797
1191  0.4553
1192  0.50916
1193  0.950261
1194  0.656506
1195  0.052508
1196  -0.662538
1197  0.248755
1198  0.36057
1199  0.643264
1200  0.0495819
1201  -0.26977
1202  -0.214243
1203  -0.621834
1204  0.503825
1205  0.782022
1206  0.68508
1207  0.293765
1208  0.267192
1209  0.735042
1210  0.540604
1211  0.147434
1212  2.24892
1213  0.69512
1214  0.55604
1215  0.068607
1216  -0.132939
1217  1.22269
1218  2.14843
1219  0.678452
1220  -0.329836
1221  -0.649268
1222  -0.0178868
1223  0.0588993
1224  0.619049
1225  1.62049
1226  1.38188
1227  0.458215
1228  0.0939396
1229  1.35686
1230  -0.226877
1231  -0.722609
1232  0.124539
1233  0.442364
1234  0.511817
1235  1.45139
1236  1.29693
1237  1.61378
1238  1.48828
1239  0.498819
1240  1.60574
1241  0.0735753
1242  0.448835
1243  0.467694
1244  -0.194088
1245  0.27435
1246  0.154254
1247  -0.492945
1248  -0.0852713
1249  -0.0625229
1250  0.958248
1251  0.0950325
1252  0.775009
1253  0.126236
1254  0.0720081
1255  -0.619587
1256  -0.181455
1257  0.756675
1258  0.556777
1259  0.568024
1260  0.0376885
1261  0.26087
1262  0.948465
1263  0.713285
1264  0.823179
1265  0.550078
1266  0.800791
1267  1.32388
1268  -1.0384
1269  0.603089
1270  0.159953
1271  0.431002
1272  0.49175
1273  0.692709
1274  -0.455083
1275  -0.1974
1276  -0.483525
1277  0.520748
1278  0.302531
1279  0.323255
1280  -0.279252
1281  -0.879394
1282  0.176489
1283  0.263893
1284  0.370397
1285  -1.19473
1286  -0.457858
1287  -0.199344
1288  0.0692319
1289  0.15357
1290  -0.578032
1291  -0.7927
1292  -0.0173279
1293  0.553966
1294  -0.351316
1295  1.19768
1296  -0.639567
1297  -0.527839
1298  0.28084
1299  -0.515222
1300  -0.188097
1301  1.51611
1302  0.0405399
1303  0.337867
1304  -0.441913
1305  0.4496
1306  0.560861
1307  0.405169
1308  0.59917
1309  0.0614296
1310  0.302417
1311  0.636886
1312  0.444444
1313  1.36767
1314  -0.731656
1315  0.190653
1316  0.377391
1317  -0.952814
1318  0.177681
1319  0.661192
1320  -0.34212
1321  0.26756
1322  0.964098
1323  0.379224
1324  -0.165602
1325  -0.390868
1326  0.0756608
1327  -0.224161
1328  -0.520841
1329  -0.261044
1330  0.13614
1331  -0.748085
1332  -1.39185
1333  0.105911
1334  -0.364125
1335  0.165415
1336  0.413231
1337  0.642449
1338  0.224943
1339  0.00898227
1340  0.522027
1341  -0.211445
1342  0.489258
1343  -0.0181989
1344  0.334148
1345  -0.0344986
1346  0.397527
1347  -0.114059
1348  -0.243201
1349  0.879463
1350  -0.192944
1351  -0.0883673
1352  -0.576627
1353  0.814328
1354  0.11994
1355  -0.386937
1356  -0.251109
1357  0.327461
1358  -0.275378
1359  0.648423
1360  -0.17471
1361  0.407859
1362  0.345158
1363  -0.763218
1364  -0.758797
1365  -0.435629
1366  -0.164915
1367  0.259671
1368  -0.0181567
1369  0.317686
1370  -0.200704
1371  -0.221443
1372  -0.425612
1373  0.600626
1374  0.395531
1375  -0.0393767
1376  0.363446
1377  0.377792
1378  0.293156
1379  0.32209
1380  0.613866
1381  0.319157
1382  0.22506
1383  0.52151
1384  0.57231
1385  1.51369
1386  -0.483721
1387  0.108858
1388  -0.397933
1389  0.0107733
1390  1.24186
1391  0.761819
1392  1.28897
1393  0.60398
1394  -0.745377
1395  1.08076
1396  -0.654664
1397  0.61129
1398  1.29458
1399  1.25153
1400  0.344964
1401  1.60252
1402  0.615945
1403  1.35283
1404  0.991351
1405  0.937341
1406  0.988939
1407  -0.746057
1408  0.670363
1409  0.181585
1410  0.455454
1411  0.641909
1412  0.897889
1413  0.00456558
1414  0.974628
1415  0.849307
1416  0.626059
1417  -0.355803
1418  -0.100418
1419  1.15383
1420  0.153186
1421  -0.431976
1422  -0.88876
1423  -0.322157
1424  0.823611
1425  0.843583
1426  0.501339
1427  -0.560761
1428  0.209196
1429  0.0958282
1430  -0.395642
1431  0.217919
1432  0.698675
1433  -0.122403
1434  0.925528
1435  -0.519599
1436  1.33594
1437  1.18077
1438  1.81903
1439  1.28942
1440  1.21641
1441  -0.0372196
1442  -0.645464
1443  0.416005
1444  0.464315
1445  0.523112
1446  -0.412931
1447  -0.839889
1448  0.0679474
1449  0.73188
1450  -1.10716
1451  -0.0448776
1452  1.26945
1453  0.702176
1454  0.220077
1455  -0.108103
1456  1.44205
1457  1.12423
1458  1.26535
1459  0.902313
1460  0.698714
1461  -0.524498
1462  0.352964
1463  0.99735
1464  -0.255636
1465  -0.0450673
1466  -0.547331
1467  -0.676435
1468  -0.643099
1469  0.246605
1470  0.646529
1471  -0.684274
1472  -0.156991
1473  1.04757
1474  1.79436
1475  0.333228
1476  -0.0956458
1477  0.120923
1478  0.128562
1479  0.647197
1480  0.418518
1481  -0.31232
1482  0.035267
1483  -0.234489
1484  0.123624
1485  0.779653
1486  0.624696
1487  0.690084
1488  -0.126128
1489  -0.155683
1490  0.123954
1491  -0.319177
1492  1.36248
1493  1.12441
1494  1.42988
1495  0.713216
1496  -0.0722076
1497  -0.223239
1498  0.957509
1499  1.65942
1500  2.10555
1501  1.68262
1502  0.12058
1503  -0.124125
1504  -1.20153
1505  0.729746
1506  0.348828
1507  0.227274
1508  0.425
1509  0.169393
1510  -0.709088
1511  0.225515
1512  0.837183
1513  -0.242427
1514  0.187096
1515  -0.419392
1516  -0.41824
1517  0.442719
1518  0.192057
1519  0.279818
1520  0.105429
1521  -0.450762
1522  0.0167918
1523  0.0491257
1524  0.761187
1525  0.422393
1526  1.40606
1527  -0.596205
1528  -0.0244343
1529  0.621853
1530  -0.443267
1531  -0.369556
1532  -1.55846
1533  -0.495597
1534  0.51118
1535  0.475582
1536  -0.355541
1537  1.05753
1538  0.374177
1539  0.30743
1540  -0.138197
1541  0.314963
1542  -0.46689
1543  0.0119708
1544  0.0504381
1545  0.172321
1546  0.983486
1547  0.0185284
1548  0.136948
1549  -0.324237
1550  0.848241
1551  0.0415499
1552  0.593103
1553  -0.128443
1554  -0.332599
1555  0.215654
1556  0.230178
1557  0.33192
1558  -0.601396
1559  1.02234
1560  -0.554665
1561  -0.964402
1562  -0.227823
1563  0.255538
1564  -0.398367
1565  0.218424
1566  0.381906
1567  -0.201746
1568  0.0375787
1569  -0.12397
1570  -0.187044
1571  0.322637
1572  -0.714783
1573  -1.73965
1574  -0.903882
1575  0.291272
1576  0.0903146
1577  0.255173
1578  -0.15748
1579  0.122815
1580  0.204906
1581  -0.713417
1582  -0.511425
1583  -0.726991
1584  0.276191
1585  -0.339527
1586  -0.0387848
1587  0.239513
1588  -1.45171
1589  0.870547
1590  0.597828
1591  -1.05003
1592  0.453826
1593  0.0845613
1594  0.589374
1595  0.281711
1596  0.386573
1597  1.4836
1598  -0.934112
1599  0.15924
1600  -0.307537
1601  -0.654255
1602  -0.737462
1603  0.276186
1604  0.0733065
1605  -0.523825
1606  -0.0284223
1607  0.562415
1608  -0.258468
1609  -1.41108
1610  -0.481895
1611  -1.18073
1612  -1.28265
1613  0.626264
1614  1.06244
1615  -1.19489
1616  0.229341
1617  1.22422
1618  -0.631248
1619  -0.0727686
1620  -0.101971
1621  0.451363
1622  -1.72897
1623  -1.00749
1624  0.25278
1625  1.41726
1626  0.109748
1627  0.435551
1628  0.459032
1629  -0.390598
1630  -0.0440215
1631  0.312225
1632  -0.860303
1633  -0.181261
1634  0.0743538
1635  0.391506
1636  -0.264656
1637  0.935073
1638  0.126809
1639  0.584952
1640  -0.15028
1641  -0.211691
1642  -0.132975
1643  0.511311
1644  -0.0179812
1645  -0.905257
1646  0.525642
1647  0.812669
1648  0.893294
1649  -0.881292
1650  -0.677762
1651  -0.0871869
1652  -0.547561
1653  1.26249
1654  0.415122
1655  0.441581
1656  -0.0267472
1657  -1.21745
1658  0.383642
1659  0.0152701
1660  -0.529904
1661  -2.1769
1662  -0.646657
1663  -0.318526
1664  -0.282542
1665  0.479987
1666  -0.240267
1667  -0.818841
1668  -0.0737425
1669  0.19276
1670  0.669633
1671  -0.184396
1672  -0.83013
1673  0.549147
1674  0.50332
1675  -0.677797
1676  -0.500222
1677  1.73363
1678  0.291397
1679  -0.0496181
1680  -0.0710698
1681  0.900468
1682  0.993344
1683  0.330999
1684  0.531974
1685  1.11138
1686  0.550065
1687  0.298214
1688  1.57722
1689  -0.547034
1690  -0.523077
1691  0.523753
1692  0.63557
1693  0.357187
1694  -0.126645
1695  1.02424
1696  0.472006
1697  0.210999
1698  0.468607
1699  -0.0957794
1700  0.820095
1701  1.04941
1702  0.370262
1703  0.712485
1704  -0.064423
1705  0.305341
1706  -0.794317
1707  0.526765
1708  -0.0485814
1709  -0.738842
1710  -0.355895
1711  0.112716
1712  0.239764
1713  -0.338482
1714  0.410494
1715  0.278315
1716  -0.348074
1717  0.0955887
1718  -0.130644
1719  -0.400328
1720  0.00346619
1721  1.15908
1722  0.0629148
1723  -0.518951
1724  -0.943661
1725  0.417224
1726  -0.105858
1727  -0.0998189
1728  0.326367
1729  0.314589
1730  -0.684244
1731  0.168146
1732  0.304072
1733  0.32611
1734  0.0797182
1735  0.525019
1736  0.940637
1737  -0.377579
1738  -0.694483
1739  0.520642
1740  1.28393
1741  1.13835
1742  0.871376
1743  1.01148
1744  1.1956
1745  0.358628
1746  -0.38767
1747  -0.259298
1748  0.582938
1749  -1.13482
1750  0.36971
1751  0.164904
1752  0.379926
1753  -0.0776836
1754  -0.136092
1755  0.394245
1756  0.263271
1757  0.378296
1758  1.03697
1759  0.403608
1760  1.11326
1761  0.21077
1762  0.870284
1763  -0.129993
1764  0.200988
1765  0.403475
1766  -1.11516
1767  -0.541979
1768  -0.790214
1769  0.364351
1770  -0.605765
1771  1.01279
1772  0.118346
1773  -0.10555
1774  0.34044
1775  -0.682727
1776  -0.196136
1777  0.447496
1778  1.20673
1779  0.392247
1780  0.432041
1781  -0.396322
1782  0.816434
1783  -0.263394
1784  -0.666158
1785  0.206878
1786  -1.45797
1787  -0.94817
1788  0.895856
1789  1.34704
1790  0.9285
1791  0.178329
1792  -0.192644
1793  0.0955995
1794  -0.103831
1795  0.963042
1796  0.201425
1797  0.301247
1798  1.04617
1799  -0.369075
1800  -0.787857
1801  -0.502177
1802  -0.0785317
1803  0.198127
1804  -1.6097
1805  0.0304952
1806  -0.609911
1807  -0.900732
1808  -0.738215
1809  1.04919
1810  -0.738235
1811  -0.74838
1812  -0.143017
1813  0.0351146
1814  -0.493523
1815  0.231052
1816  -0.633625
1817  0.128739
1818  0.591024
1819  0.0130169
1820  -0.161487
1821  -0.210643
1822  -0.349584
1823  0.761239
1824  0.191601
1825  0.513818
1826  1.9727
1827  1.68272
1828  -0.993183
1829  -0.900958
1830  0.191338
1831  -0.413307
1832  0.870753
1833  -0.504952
1834  -0.177746
1835  -1.19217
1836  -0.899452
1837  -0.844217
1838  0.363967
1839  0.0850583
1840  -1.04151
1841  0.406871
1842  0.0906184
1843  0.0371559
1844  0.638903
1845  0.398949
1846  -0.0756562
1847  -0.563062
1848  -0.244354
1849  0.00219767
1850  0.664572
1851  0.728613
1852  -0.430893
1853  -0.211875
1854  -0.302595
1855  0.642261
1856  0.276863
1857  0.0598822
1858  0.509968
1859  -0.956587
1860  0.480208
1861  -0.152516
1862  0.215293
1863  -0.00987535
1864  0.366343
1865  -0.308188
1866  0.353863
1867  1.84391
1868  -0.798064
1869  -0.750533
1870  -0.366569
1871  -0.165385
1872  0.622449
1873  0.374477
1874  -0.61266
1875  0.584217
1876  0.0248129
1877  -0.192987
1878  0.571181
1879  0.5578
1880  0.296397
1881  -0.0563097
1882  0.0971949
1883  -0.403058
1884  0.194826
1885  0.564024
1886  0.474506
1887  0.413372
1888  -0.690266
1889  -0.53983
1890  0.435269
1891  0.470255
1892  -0.432687
1893  -0.332462
1894  -0.0936688
1895  -0.71539
1896  -0.12071
1897  -0.638564
1898  -0.233704
1899  -0.0613185
1900  -0.0962588
1901  0.0511724
1902  0.2324
1903  -0.597369
1904  -0.112638
1905  0.900313
1906  -0.453365
1907  -0.126754
1908  0.761654
1909  -0.276781
1910  -0.535566
1911  0.592775
1912  -1.1071
1913  -0.667906
1914  -0.23628
1915  0.639104
1916  -0.634597
1917  -0.312729
1918  -0.220068
1919  -0.236724
1920  0.728923
1921  -0.143395
1922  0.452762
1923  0.168335
1924  0.698702
1925  -0.285178
1926  1.09527
1927  -1.35461
1928  0.801378
1929  0.706053
1930  0.352331
1931  -0.280951
1932  0.237084
1933  -0.3598
1934  -1.22594
1935  -0.147862
1936  0.167723
1937  0.699293
1938  0.633712
1939  0.297745
1940  0.43367
1941  0.510993
1942  0.0586144
1943  0.549065
1944  -0.460678
1945  0.246374
1946  -0.464699
1947  0.210363
1948  0.918431
1949  0.517403
1950  -0.319079
1951  -0.655394
1952  0.17733
1953  -0.349784
1954  0.208633
1955  -0.0523204
1956  0.0234718
1957  -0.417666
1958  -0.303233
1959  -0.799081
1960  0.206097
1961  -0.0972074
1962  0.317561
1963  0.0473764
1964  -0.531574
1965  0.183631
1966  0.715636
1967  0.321722
1968  0.851907
1969  0.697194
1970  0.116688
1971  0.342346
1972  -0.210144
1973  0.814305
1974  -0.767331
1975  -0.366488
1976  -0.383093
1977  -0.216981
1978  0.361101
1979  0.377856
1980  -0.828459
1981  -0.178599
1982  0.556411
1983  0.529488
1984  0.329815
1985  0.295323
1986  -0.11058
1987  -0.839098
1988  -0.739652
1989  0.381588
1990  0.63814
1991  -0.478918
1992  -0.0684807
1993  0.649976
1994  0.764556
1995  -0.601375
1996  0.602022
1997  -1.21258
1998  -0.35431
1999  0.175802
2000  0.133253
2001  0.433512
2002  -0.809854
2003  -0.0498882
2004  0.212026
2005  -0.729205
2006  0.927899
2007  0.360084
2008  0.10877
2009  0.294366
2010  0.851763
2011  0.00906114
2012  -0.0309272
2013  0.245501
2014  -0.128483
2015  0.0119147
2016  -0.194659
2017  0.287168
2018  0.893209
2019  0.410174
2020  0.526227
2021  1.42773
2022  0.649825
2023  0.999475
2024  0.673694
2025  0.641463
2026  1.65789
2027  -0.0291842
2028  -0.12778
2029  -0.839398
2030  -0.322483
2031  0.455812
2032  0.50366
2033  -0.0626531
2034  0.0489239
2035  0.515464
2036  0.534615
2037  -0.389737
2038  0.690338
2039  1.00983
2040  -0.149097
2041  -0.104283
2042  0.497038
2043  0.677372
2044  0.963613
2045  0.756969
2046  -0.581046
2047  0.677761
2048  0.321146
2049  -0.129067
2050  0.569997
2051  0.477233
2052  -0.221025
2053  0.358349
2054  0.718514
2055  0.214302
2056  0.163629
2057  0.287161
2058  0.144138
2059  0.20828
2060  0.343993
2061  0.225387
2062  0.0536986
2063  -0.392125
2064  -0.596628
2065  0.300457
2066  0.839647
2067  0.276688
2068  -0.578517
2069  0.0907582
2070  0.707296
2071  -0.0116709
2072  0.871718
2073  1.23464
2074  -0.0518071
2075  0.83712
2076  0.44485
2077  -0.556349
2078  -0.0127732
2079  0.349717
2080  -0.0952874
2081  0.395915
2082  0.0750739
2083  -0.284968
2084  -0.0477329
2085  0.739246
2086  1.28286
2087  0.529106
2088  -0.290685
2089  0.125506
2090  -1.1829
2091  -0.941431
2092  0.897264
2093  1.34755
2094  -0.266789
2095  0.571564
2096  0.530095
2097  0.865002
2098  0.429112
2099  1.2253
2100  -0.27853
2101  1.41929
2102  1.17035
2103  0.83194
2104  0.172222
2105  0.976852
2106  -0.824435
2107  -0.255103
2108  -0.0294822
2109  -0.207014
2110  -0.284809
2111  -0.2549
2112  0.293683
2113  -0.641901
2114  -0.0137287
2115  0.693754
2116  -0.634846
2117  0.197918
2118  1.03704
2119  -0.0449381
2120  -0.0132776
2121  0.781417
2122  0.724573
2123  -0.195535
2124  1.12828
2125  1.12094
2126  -0.503095
2127  0.138428
2128  -0.13646
2129  -0.336282
2130  -0.260421
2131  0.184574
2132  -0.334539
2133  -0.591693
2134  -0.3541
2135  -1.11444
2136  0.458972
2137  0.768748
2138  0.249356
2139  0.676703
2140  0.807657
2141  0.720295
2142  0.00108504
2143  1.43593
2144  -0.463495
2145  0.661745
2146  0.2628
2147  -0.623935
2148  1.10383
2149  0.904815
2150  -1.10269
2151  -0.631222
2152  -0.826234
2153  -0.140335
2154  0.321271
2155  0.0758723
2156  0.54204
2157  0.0643519
2158  -0.453636
2159  -0.307491
2160  -1.06876
2161  -0.584355
2162  -1.61229
2163  -1.21508
2164  0.316732
2165  -0.767443
2166  0.588289
2167  -0.7907
2168  -0.521713
2169  -1.08616
2170  0.289349
2171  -0.41067
2172  0.316111
2173  -0.852259
2174  0.625823
2175  -0.523938
2176  -1.04338
2177  0.324094
2178  -0.0395862
2179  -0.5656
2180  -0.447333
2181  0.0977493
2182  0.319363
2183  -0.872742
2184  0.0789926
2185  0.331478
2186  0.311932
2187  -1.1614
2188  -0.363811
2189  1.03863
2190  0.586375
2191  -0.176764
2192  0.361502
2193  0.199637
2194  -0.379341
2195  0.44164
2196  -0.0686514
2197  -0.406376
2198  0.851745
2199  -0.724953
2200  0.672373
2201  -0.347569
2202  -0.388119
2203  0.154676
2204  0.0219445
2205  -0.503073
2206  -0.110449
2207  0.245849
2208  -0.989643
2209  -0.767785
2210  0.166021
2211  -0.742557
2212  0.383833
2213  1.36705
2214  0.908001
2215  -0.079403
2216  -0.134563
2217  -0.675021
2218  0.354006
2219  0.421027
2220  0.63462
2221  0.675891
2222  -0.103552
2223  0.308991
2224  0.927453
2225  0.914581
2226  1.11807
2227  -0.702948
2228  0.846639
2229  -0.148253
2230  -0.497363
2231  0.644671
2232  0.614724
2233  -0.252776
2234  0.149938
2235  -0.568815
2236  -0.473409
2237  -0.210596
2238  -0.178714
2239  -0.989989
2240  -0.524142
2241  -0.143159
2242  -0.27481
2243  0.15404
2244  0.172837
2245  0.291053
2246  -0.935694
2247  -1.56828
2248  -1.28043
2249  0.439757
2250  1.04862
2251  0.295238
2252  -0.091294
2253  0.41291
2254  -0.647694
2255  0.946103
2256  0.94651
2257  0.309411
2258  0.644451
2259  -0.796223
2260  -0.425518
2261  -0.303998
2262  -0.189346
2263  0.640821
2264  0.330224
2265  -0.994237
2266  -0.915807
2267  -0.396724
2268  -0.164601
2269  0.733752
2270  0.853414
2271  -0.360585
2272  -0.0389552
2273  -0.260491
2274  0.0410603
2275  0.472261
2276  0.464046
2277  -0.349241
2278  0.0562006
2279  0.348389
2280  -0.00742506
2281  0.0510234
2282  -0.438465
2283  0.510574
2284  0.11201
2285  0.489266
2286  0.265044
2287  -0.0120716
2288  -0.522824
2289  -0.59576
2290  0.556322
2291  1.17971
2292  0.599201
2293  0.259704
2294  -0.493741
2295  -1.50767
2296  0.42881
2297  -0.5426
2298  0.326642
2299  0.820968
2300  -0.804253
2301  0.410362
2302  -0.0144907
2303  0.311529
2304  0.208283
2305  -0.345678
2306  0.0369188
2307  -0.0906697
2308  -0.27596
2309  -1.30271
2310  -0.150985
2311  -0.398476
2312  0.47059
2313  -0.604264
2314  -1.04997
2315  -0.582461
2316  0.224315
2317  0.538293
2318  -0.0562053
2319  -0.429051
2320  1.45633
2321  -0.180046
2322  0.3067
2323  -0.647994
2324  -0.675885
2325  0.288089
2326  -0.387454
2327  -0.36661
2328  -0.393499
2329  0.210163
2330  -0.497243
2331  -0.727614
2332  -0.232049
2333  1.04437
2334  -0.0984993
2335  -0.644367
2336  0.692989
2337  -0.564129
2338  -1.01064
2339  -0.993985
2340  0.516127
2341  -0.880246
2342  -0.335206
2343  0.0140529
2344  -0.453566
2345  0.237919
2346  -0.246766
2347  -0.0525235
2348  0.119966
2349  -0.134693
2350  0.839304
2351  1.12839
2352  0.561827
2353  0.19318
2354  -0.512551
2355  0.41224
2356  0.209717
2357  0.684521
2358  -0.0665919
2359  -0.0621753
2360  0.415329
2361  -0.868109
2362  -0.0759217
2363  0.425715
2364  -0.29241
2365  -0.123949
2366  -1.1633
2367  -0.397612
2368  -0.0498312
2369  0.203619
2370  -0.327196
2371  -0.251441
2372  -0.473347
2373  -0.503885
2374  0.00889422
2375  0.160261
2376  1.07664
2377  0.219458
2378  0.0722468
2379  -0.500196
2380  -0.189474
2381  -0.398818
2382  -0.452971
2383  -0.927628
2384  0.133527
2385  0.320438
2386  -1.02004
2387  -1.44748
2388  -0.866378
2389  -0.00222591
2390  -0.630178
2391  -0.394529
2392  0.765788
2393  0.418734
2394  -0.81026
2395  -0.149879
2396  -0.627129
2397  0.247105
2398  0.0289994
2399  0.633026
2400  -0.313875
2401  -0.102137
2402  -0.942919
2403  -0.502608
2404  -0.577367
2405  0.146981
2406  -0.180045
2407  -0.159893
2408  -1.25268
2409  0.664638
2410  0.794152
2411  -0.102078
2412  0.721712
2413  0.355384
2414  0.421423
2415  -0.10895
2416  -0.240851
2417  0.590328
2418  0.0394163
2419  0.123098
2420  -0.0949898
2421  0.30625
2422  -0.747297
2423  0.308459
2424  -0.329974
2425  0.351504
2426  0.066459
2427  -1.18309
2428  -0.151414
2429  0.629886
2430  -0.13247
2431  -0.0868759
2432  0.101032
2433  -1.23749
2434  -0.0255186
2435  -1.10651
2436  -0.445145
2437  -0.227117
2438  -1.22799
2439  0.213821
2440  -0.236935
2441  0.163215
2442  -0.553947
2443  0.502956
2444  -0.322728
2445  -0.725182
2446  0.711323
2447  0.61071
2448  -0.715726
2449  0.186886
2450  -0.556887
2451  0.414652
2452  -0.397991
2453  0.171466
2454  0.957943
2455  -0.327964
2456  0.0708517
2457  0.0508187
2458  0.540804
2459  0.192026
2460  -0.301242
2461  -0.575875
2462  -0.0201713
2463  0.156682
2464  -0.72997
2465  -1.53453
2466  1.11874
2467  -0.0771688
2468  0.147082
2469  1.26462
2470  0.0251383
2471  -0.0243136
2472  -0.115311
2473  0.0278659
2474  -0.974687
2475  0.0867506
2476  -0.196396
2477  -0.284137
2478  -0.156573
2479  0.0512963
2480  -0.319694
2481  0.0712175
2482  0.00449376
2483  -0.282585
2484  -0.218314
2485  0.610277
2486  0.208066
2487  0.0997211
2488  0.128336
2489  0.616146
2490  0.191534
2491  0.903923
2492  0.879712
2493  0.352993
2494  -0.683808
2495  1.02655
2496  0.151746
2497  -0.134077
2498  0.377498
2499  0.130872
2500  -1.10981
2501  0.364933
2502  0.580959
2503  -0.820863
2504  -0.245923
2505  0.424222
2506  0.504591
2507  0.0178865
2508  0.377442
2509  -0.509085
2510  0.197528
2511  0.366456
2512  -1.27172
2513  0.166739
2514  0.201092
2515  0.446869
2516  -0.281381
2517  0.11295
2518  0.700961
2519  0.385244
2520  0.0861914
2521  -0.178548
2522  0.144544
2523  -0.767413
2524  -0.269097
2525  0.394831
2526  0.16019
2527  -0.209741
2528  0.096246
2529  0.611504
2530  0.923778
2531  0.212998
2532  0.286255
2533  -0.351462
2534  -0.258326
2535  1.14008
2536  -0.0892741
2537  0.0735597
2538  -0.45667
2539  0.360857
2540  -0.166709
2541  -0.378548
2542  -0.990897
2543  1.24221
2544  0.340411
2545  0.423907
2546  0.0283595
2547  0.362669
2548  0.116001
2549  0.299052
2550  0.87126
2551  0.230472
2552  0.214666
2553  -0.254886
2554  0.135268
2555  0.543984
2556  -0.457183
2557  -0.239485
2558  -0.912124
2559  0.639213
