0  0.0546934
1  -0.159379
2  -0.131107
3  0.135407
4  0.0943021
5  0.157385
6  -0.083647
7  -0.147288
8  -0.142588
9  -0.178837
10  -0.0762531
11  -0.0941263
12  0.0531025
13  0.102546
14  0.064046
15  0.216946
16  -0.14788
17  0.113004
18  -0.0955868
19  0.0107521
20  -0.0912228
21  0.204472
22  0.122613
23  0.202666
24  -0.0778056
25  0.0323108
26  -0.0409321
27  0.161616
28  0.159959
29  -0.0396464
30  0.16436
31  0.122117
32  0.013082
33  0.0017498
34  0.287067
35  0.050983
36  0.0247925
37  -0.151447
38  -0.205465
39  -0.131674
40  0.217487
41  -0.135029
42  0.0536381
43  -0.0875406
44  -0.271213
45  -0.0656218
46  0.0604306
47  0.00119431
48  -0.0636056
49  -0.373385
50  0.119656
51  0.0552571
52  0.235188
53  -0.126344
54  0.362215
55  -0.0877944
56  0.123612
57  0.020557
58  -0.16192
59  -0.205141
60  0.136757
61  0.139977
62  0.0734614
63  0.00398728
64  -0.0973721
65  0.221365
66  0.10968
67  -0.151941
68  -0.069801
69  -0.114816
70  -0.182454
71  -0.0721919
72  0.0160587
73  -0.0892003
74  -0.147527
75  -0.0774813
76  -0.148403
77  -0.15241
78  -0.105277
79  -0.101533
80  0.375279
81  -0.221325
82  -0.0883894
83  -0.299604
84  0.0582067
85  0.0465116
86  0.115573
87  0.266122
88  0.0416116
89  0.0788461
90  0.239207
91  -0.266534
92  -0.250916
93  0.21943
94  0.437693
95  -0.026662
96  -0.234267
97  -0.309768
98  -0.337557
99  0.141102
100  0.408744
101  0.553628
102  -0.191936
103  -0.268835
104  0.0326645
105  0.0228778
106  0.0445022
107  0.0875625
108  0.0342731
109  -0.0573853
110  -0.309123
111  0.0535539
112  -0.0609532
113  0.03136
114  0.33514
115  -0.152946
116  -0.194013
117  -0.15286
118  -0.288539
119  0.125441
120  -0.0247614
121  -0.175825
122  0.1702
123  -0.071428
124  -0.224089
125  -0.434346
126  -0.205067
127  -0.170476
128  -0.13214
129  0.268651
130  -0.24307
131  0.1718
132  0.0691684
133  -0.144613
134  -0.00742463
135  -0.193919
136  -0.240205
137  -0.0693712
138  0.193212
139  0.0596749
140  0.140924
141  0.037232
142  -0.106219
143  -0.162914
144  0.0477502
145  -0.289645
146  -0.087196
147  -0.0104696
148  0.0852691
149  0.174122
150  0.212035
151  0.110881
152  -0.341072
153  -0.0668485
154  0.124562
155  -0.202971
156  -0.0945333
157  -0.113628
158  -0.0622978
159  -0.0902947
160  0.0672312
161  0.0591016
162  -0.0676594
163  -0.31966
164  -0.306917
165  0.279892
166  0.291354
167  0.195437
168  -0.0171518
169  0.214348
170  0.0021225
171  0.0183622
172  0.0913733
173  -0.297612
174  -0.0735566
175  -0.218432
176  0.0336655
177  -0.0797073
178  -0.171895
179  -0.0117387
180  -0.0524129
181  -0.050542
182  0.003907
183  0.115282
184  -0.0085408
185  -0.278708
186  0.0386269
187  -0.171515
188  -0.0492162
189  -0.332492
190  -0.15232
191  0.0723934
192  -0.0560828
193  0.0119172
194  0.0600136
195  -0.053497
196  0.0558491
197  -0.0160505
198  0.0749778
199  -0.299628
200  -0.543136
201  -0.304985
202  -0.359399
203  -0.181942
204  0.323771
205  -0.00556317
206  -0.0953816
207  -0.192008
208  0.121494
209  0.0713278
210  -0.0775999
211  0.0622446
212  -0.172772
213  0.0959557
214  0.0689106
215  0.183607
216  0.269582
217  0.0715916
218  -0.132614
219  -0.100232
220  -0.347181
221  0.0881461
222  -0.118174
223  0.127857
224  0.0941775
225  0.0868634
226  0.0866967
227  0.120458
228  -0.0461172
229  -0.0614378
230  0.122778
231  -0.109973
232  -0.206968
233  -0.263476
234  -0.0859595
235  0.0396671
236  0.156245
237  0.00137721
238  0.0804978
239  0.397214
240  0.0763515
241  0.0286191
242  0.111982
243  0.0577014
244  -0.114382
245  -0.158242
246  -0.322322
247  -0.129344
248  0.0430163
249  0.306205
250  0.290524
251  0.374676
252  0.0803294
253  0.00808423
254  0.465971
255  0.100477
256  0.0319807
257  0.0451787
258  0.0829702
259  -0.252527
260  -0.110626
261  -0.0883522
262  -0.322176
263  0.129303
264  -0.203415
265  0.215335
266  0.321567
267  0.0434779
268  0.111669
269  -0.0560225
270  0.00183213
271  0.264155
272  0.307286
273  0.191971
274  0.0886287
275  0.212576
276  0.169688
277  0.0310684
278  -0.0269997
279  -0.0470632
280  -0.163221
281  -0.17791
282  -0.116574
283  0.154921
284  0.126116
285  -0.115813
286  -0.325173
287  -0.134209
288  -0.390419
289  -0.177665
290  -0.0174489
291  -0.117466
292  0.0349583
293  0.0311995
294  0.0348252
295  0.189087
296  -0.0694834
297  0.101729
298  -0.0341779
299  -0.0180551
300  -0.268586
301  0.034059
302  0.0599722
303  0.265068
304  -0.105448
305  -0.166548
306  -0.109792
307  -0.391917
308  0.00523127
309  0.133622
310  0.435529
311  0.219137
312  -0.124549
313  -0.14657
314  -0.061625
315  -0.146087
316  0.106859
317  -0.317055
318  0.139548
319  -0.233436
320  -0.0561373
321  -0.0380288
322  0.159252
323  -0.054417
324  0.189203
325  0.0623896
326  0.215008
327  0.163261
328  -0.0518762
329  0.0541823
330  -0.0275562
331  0.276332
332  -0.0702791
333  -0.0647961
334  -0.000833667
335  0.0492621
336  -0.372118
337  0.0534436
338  0.0132844
339  -0.0861441
340  0.511603
341  0.0431989
342  0.0839095
343  -0.0263323
344  0.360324
345  0.0676827
346  -0.0789199
347  -0.024322
348  -0.0413662
349  0.10839
350  0.290977
351  0.148425
352  0.0783909
353  0.20522
354  -0.225092
355  0.0374588
356  0.0991629
357  -0.213497
358  -0.0817871
359  0.0309043
360  -0.19517
361  0.138536
362  -0.149004
363  -0.154293
364  -0.41955
365  0.165773
366  0.0187249
367  0.024771
368  0.188006
369  0.0389408
370  -0.140734
371  -0.0351429
372  0.106003
373  -0.14946
374  0.0395096
375  0.249034
376  -0.0984389
377  -0.00346814
378  0.0321257
379  -0.157194
380  0.21302
381  0.154583
382  0.317594
383  0.30941
384  0.113176
385  0.277174
386  -0.0828435
387  0.217326
388  0.0716656
389  -0.0283906
390  0.0397906
391  -0.0977891
392  0.00428466
393  0.170935
394  0.115828
395  0.0985349
396  -0.0567498
397  -0.110795
398  0.0836902
399  -0.00882476
400  0.298329
401  0.0810066
402  0.285939
403  0.0597835
404  -0.0981923
405  -0.0197555
406  0.049032
407  0.115165
408  0.249533
409  0.30279
410  0.0193219
411  0.0286659
412  0.204749
413  -0.0691242
414  0.209031
415  0.0411926
416  -0.135285
417  -0.0500906
418  0.062702
419  -0.293877
420  -0.115795
421  -0.100168
422  0.229404
423  -0.159839
424  -0.237634
425  -0.199658
426  0.150293
427  0.0944618
428  0.152762
429  -0.319533
430  -0.0610002
431  -0.187551
432  0.0593552
433  0.332671
434  0.360275
435  0.0414866
436  -0.0807277
437  -0.098324
438  -0.150674
439  -0.0469306
440  -0.246191
441  0.0774605
442  -0.0478224
443  0.313247
444  -0.268861
445  -0.0607035
446  -0.0579314
447  -0.136987
448  -0.0322782
449  -0.120922
450  -0.362237
451  -0.363531
452  -0.214245
453  -0.28538
454  -0.204927
455  0.129234
456  0.134758
457  -0.164042
458  -0.136885
459  -0.0522638
460  0.139207
461  -0.0872355
462  0.137909
463  -0.131846
464  0.0272942
465  0.0494751
466  -0.253223
467  -0.220769
468  0.165032
469  -0.225751
470  0.111901
471  0.00513364
472  -0.0452541
473  -0.17636
474  -0.208477
475  -0.0840794
476  -0.163723
477  -0.0107038
478  -0.03872
479  -0.0997371
480  0.0241703
481  -0.0928872
482  0.324165
483  0.0292964
484  -0.0629406
485  -0.064956
486  -0.187748
487  -0.377401
488  -0.103529
489  -0.469779
490  -0.177846
491  -0.458165
492  -0.677928
493  -0.734044
494  -1.25461
495  -2.4906
496  -7.74006
497  -25.5711
498  -76.8811
499  -197.314
500  -413.834
501  -700.374
502  -982.06
503  -1192.54
504  -1303.32
505  -1315.51
506  -1244.63
507  -1113.63
508  -954.248
509  -795.614
510  -657.363
511  -547.404
512  -466.724
513  -409.721
514  -366.177
515  -330.876
516  -300.196
517  -268.558
518  -232.652
519  -196.099
520  -163.555
521  -136.542
522  -113.688
523  -95.1008
524  -82.372
525  -75.3252
526  -70.3337
527  -64.5809
528  -57.9263
529  -51.9616
530  -46.634
531  -40.3257
532  -34.614
533  -29.9508
534  -27.634
535  -26.3123
536  -25.2601
537  -23.1757
538  -22.4802
539  -22.5765
540  -21.6259
541  -19.6436
542  -18.1388
543  -16.5009
544  -15.9234
545  -14.7517
546  -13.5617
547  -13.2346
548  -13.3963
549  -12.6559
550  -12.0703
551  -11.5064
552  -11.5252
553  -11.595
554  -11.242
555  -10.5492
556  -9.94434
557  -9.70554
558  -10.2335
559  -10.0098
560  -9.48365
561  -9.40583
562  -9.82422
563  -9.78725
564  -9.10096
565  -8.62203
566  -8.88349
567  -9.02878
568  -8.72659
569  -8.45385
570  -8.23093
571  -8.43332
572  -8.7082
573  -8.35786
574  -8.1246
575  -7.82814
576  -8.09665
577  -8.05755
578  -7.66302
579  -7.41536
580  -7.30126
581  -7.11766
582  -6.95631
583  -6.82403
584  -6.6067
585  -6.5699
586  -6.25896
587  -5.95965
588  -5.84321
589  -6.03677
590  -6.12059
591  -5.29693
592  -5.05804
593  -5.03983
594  -4.98325
595  -4.79885
596  -4.2534
597  -4.32174
598  -4.34688
599  -4.29795
600  -4.03729
601  -3.68822
602  -3.45472
603  -3.21926
604  -3.44177
605  -3.53439
606  -3.64107
607  -3.30849
608  -3.32107
609  -3.38114
610  -2.99135
611  -3.32248
612  -3.36863
613  -3.30308
614  -3.27048
615  -3.54465
616  -3.32833
617  -3.23738
618  -3.27946
619  -3.23832
620  -2.93372
621  -2.7818
622  -2.94743
623  -2.88325
624  -2.56058
625  -3.0068
626  -2.66217
627  -2.68603
628  -2.86118
629  -2.76922
630  -2.79962
631  -2.66397
632  -2.27675
633  -2.43777
634  -2.29068
635  -2.35229
636  -2.80924
637  -2.52073
638  -2.51916
639  -2.52669
640  -2.409
641  -2.6353
642  -2.30217
643  -2.58941
644  -2.72899
645  -2.77088
646  -2.42337
647  -2.80862
648  -2.42368
649  -2.25103
650  -2.24795
651  -2.33384
652  -2.42118
653  -2.41181
654  -2.27617
655  -2.23045
656  -2.19033
657  -2.27675
658  -1.9885
659  -2.15704
660  -2.05426
661  -1.99429
662  -2.0602
663  -1.8744
664  -1.9343
665  -1.98594
666  -1.98029
667  -2.13689
668  -2.0065
669  -2.02301
670  -2.02377
671  -1.55512
672  -1.90858
673  -1.56431
674  -1.50772
675  -1.35713
676  -1.42205
677  -1.29127
678  -1.33705
679  -0.86855
680  -1.27953
681  -1.19139
682  -1.04777
683  -1.10785
684  -1.15932
685  -1.43441
686  -1.16193
687  -1.17258
688  -1.15446
689  -1.23761
690  -0.905027
691  -0.985942
692  -1.1158
693  -0.7825
694  -1.03167
695  -0.86671
696  -0.889685
697  -1.34583
698  -1.28049
699  -0.957428
700  -1.05487
701  -1.10507
702  -0.817772
703  -0.606387
704  -1.15433
705  -0.837743
706  -0.928773
707  -1.22132
708  -1.09051
709  -1.08093
710  -0.867893
711  -0.6996
712  -0.651125
713  -0.753355
714  -0.920355
715  -0.798989
716  -0.744743
717  -0.477046
718  -0.754353
719  -0.632935
720  -0.62397
721  -0.863947
722  -0.501589
723  -0.798779
724  -0.713269
725  -0.503787
726  -0.172456
727  -0.361496
728  -0.548256
729  -0.314102
730  -0.290045
731  -0.521955
732  -0.598053
733  -0.506832
734  -0.60358
735  -0.850496
736  -0.514894
737  -0.553573
738  -0.410618
739  -0.326057
740  -0.319438
741  -0.676933
742  -0.441445
743  -0.498333
744  -0.615408
745  -0.837257
746  -0.595859
747  -0.511728
748  -0.854332
749  -0.311783
750  -0.719988
751  -0.839131
752  -0.782054
753  -0.607331
754  -0.821166
755  -1.08208
756  -0.955715
757  -0.605014
758  -0.674894
759  -0.614139
760  -0.344611
761  -0.395545
762  -0.606826
763  -0.511001
764  -0.37477
765  -0.207782
766  -0.107632
767  -0.478069
768  -0.529314
769  -0.443479
770  -0.364668
771  -0.403048
772  -0.181007
773  -0.294657
774  -0.409145
775  -0.304573
776  0.0265847
777  -0.287792
778  -0.203034
779  -0.123511
780  -0.034361
781  -0.0953165
782  -0.0423184
783  -0.288132
784  -0.15771
785  -0.103307
786  0.0591929
787  -0.114101
788  -0.142458
789  -0.103633
790  -0.356205
791  -0.101608
792  0.0630493
793  -0.168863
794  -0.240136
795  -0.167518
796  -0.221383
797  -0.00830708
798  -0.385867
799  -0.202624
800  -0.0472938
801  0.0257891
802  -0.00217627
803  0.227809
804  0.0790516
805  -0.0138865
806  0.329545
807  0.142174
808  0.228015
809  0.117411
810  -0.229391
811  0.10382
812  0.0964894
813  0.279908
814  -0.0156564
815  -0.10596
816  -0.214842
817  -0.167614
818  -0.381601
819  -0.382651
820  -0.152456
821  -0.456989
822  -0.186705
823  0.0220619
824  -0.044878
825  -0.419179
826  -0.134422
827  0.0465579
828  0.280865
829  0.203464
830  0.323533
831  0.296091
832  0.124826
833  0.065303
834  -0.0902063
835  0.21675
836  -0.164823
837  -0.0636159
838  -0.115422
839  -0.0584565
840  0.0430305
841  -0.0767998
842  -0.158999
843  -0.134083
844  -0.100484
845  -0.104231
846  0.170156
847  0.162827
848  -0.608111
849  -0.132724
850  -0.0699953
851  -0.0110682
852  0.0114925
853  -0.239818
854  0.0951533
855  0.0380124
856  -0.0576013
857  -0.289527
858  0.0598839
859  -0.0249492
860  0.173595
861  -0.219983
862  -0.0933438
863  -0.122234
864  -0.526156
865  -0.190586
866  -0.263621
867  0.0207506
868  0.222307
869  -0.0094864
870  -0.175514
871  -0.343547
872  -0.353764
873  -0.129857
874  -0.358578
875  0.0563823
876  -0.194485
877  -0.554178
878  -0.248746
879  -0.305073
880  -0.118642
881  -0.251692
882  -0.0661555
883  -0.0793453
884  0.0973853
885  0.371112
886  0.151002
887  -0.310219
888  0.152308
889  -0.0532833
890  0.149658
891  0.100261
892  0.164295
893  -0.384016
894  -0.417203
895  -0.026092
896  -0.201754
897  -0.109069
898  -0.220334
899  -0.55795
900  -0.0912764
901  0.108673
902  0.0027663
903  0.120792
904  0.286074
905  0.0359016
906  0.0856911
907  -0.19629
908  -0.163772
909  0.0796487
910  -0.0855208
911  -0.176692
912  0.202029
913  0.220762
914  -0.159855
915  -0.178197
916  -0.129379
917  -0.0729493
918  -0.126793
919  -0.153278
920  -0.219147
921  0.147561
922  -0.0204839
923  -0.296372
924  -0.101604
925  -0.13344
926  -0.136863
927  0.0343235
928  -0.026596
929  0.159334
930  -0.101515
931  -0.168857
932  -0.255694
933  -0.449927
934  -0.2702
935  -0.341146
936  -0.465219
937  -0.17067
938  -0.397275
939  -0.37396
940  -0.226442
941  -0.097839
942  -0.212172
943  0.162186
944  0.0361236
945  -0.208104
946  0.0765701
947  -0.171481
948  -0.328602
949  0.18072
950  -0.0469333
951  0.145557
952  0.187137
953  0.123054
954  0.0923423
955  0.436046
956  -0.278496
957  -0.163098
958  0.0258507
959  -0.0932883
960  0.220365
961  -0.085881
962  -0.249196
963  -0.259609
964  -0.289636
965  -0.228043
966  -0.386636
967  -0.157541
968  -0.0537881
969  -0.402038
970  -0.0848279
971  -0.266278
972  -0.00815002
973  0.356274
974  0.107607
975  -0.025039
976  -0.00614015
977  -0.0030026
978  0.00467946
979  -0.184773
980  -0.15849
981  -0.303829
982  -0.0684359
983  -0.166544
984  -0.10623
985  0.124236
986  0.217428
987  0.00342307
988  -0.275038
989  -0.124274
990  -0.199889
991  0.197272
992  -0.167212
993  -0.326578
994  -0.344028
995  -0.45284
996  -0.435336
997  0.0917629
998  -0.134137
999  -0.366804
1000  -0.126739
1001  -0.186408
1002  -0.109036
1003  -0.293202
1004  -0.283014
1005  -0.0587744
1006  -0.122401
1007  -0.208435
1008  -0.306128
1009  -0.485528
1010  -0.350316
1011  -0.586772
1012  -0.454418
1013  -0.35885
1014  -0.400256
1015  -0.680411
1016  -0.109579
1017  -0.189256
1018  -0.0443608
1019  -0.489817
1020  -0.6361
1021  -0.61873
1022  -0.315244
1023  -0.394072
1024  -0.521458
1025  -0.485313
1026  -0.291054
1027  -0.485544
1028  -0.567562
1029  -0.454905
1030  -0.361677
1031  -0.510338
1032  -0.474715
1033  -0.838679
1034  -0.625161
1035  -0.710806
1036  -0.756074
1037  -1.26553
1038  -1.04646
1039  -0.971346
1040  -1.15545
1041  -1.05353
1042  -0.858154
1043  -0.781599
1044  -1.11263
1045  -1.14156
1046  -1.37592
1047  -1.45709
1048  -1.31646
1049  -1.71874
1050  -1.69385
1051  -1.64506
1052  -1.4377
1053  -1.81315
1054  -1.58068
1055  -1.29034
1056  -1.44699
1057  -1.20948
1058  -1.38106
1059  -1.38312
1060  -1.44085
1061  -1.21261
1062  -1.43318
1063  -1.64245
1064  -1.51821
1065  -1.45466
1066  -1.35148
1067  -1.28768
1068  -0.933999
1069  -1.18131
1070  -1.24479
1071  -1.06514
1072  -1.16778
1073  -1.01829
1074  -1.14633
1075  -0.874871
1076  -1.08916
1077  -1.13932
1078  -1.20162
1079  -1.12767
1080  -1.43628
1081  -1.14497
1082  -1.00261
1083  -1.19741
1084  -0.978099
1085  -1.18689
1086  -1.24356
1087  -1.20518
1088  -0.939685
1089  -1.5056
1090  -1.54932
1091  -1.58301
1092  -1.52094
1093  -1.47792
1094  -1.66743
1095  -1.98091
1096  -1.81137
1097  -1.78768
1098  -1.20974
1099  -1.39996
1100  -1.56504
1101  -1.53755
1102  -1.97223
1103  -1.66982
1104  -1.77644
1105  -2.1419
1106  -1.94422
1107  -2.11756
1108  -2.41733
1109  -2.15444
1110  -2.14366
1111  -2.1977
1112  -2.33778
1113  -2.4184
1114  -2.55435
1115  -2.51961
1116  -2.65395
1117  -2.62812
1118  -2.70705
1119  -2.34868
1120  -2.41424
1121  -2.42557
1122  -2.70762
1123  -2.58403
1124  -2.87309
1125  -3.08649
1126  -2.89483
1127  -2.91471
1128  -2.8093
1129  -3.41157
1130  -3.26881
1131  -3.02277
1132  -3.18034
1133  -3.11587
1134  -2.80023
1135  -3.01764
1136  -2.92546
1137  -2.87159
1138  -2.96643
1139  -2.84694
1140  -3.20646
1141  -2.89371
1142  -2.77214
1143  -2.71832
1144  -2.65602
1145  -2.62862
1146  -2.18085
1147  -1.9649
1148  -2.08022
1149  -2.30886
1150  -2.29653
1151  -1.8309
1152  -1.71332
1153  -1.56408
1154  -1.6018
1155  -1.79654
1156  -1.78844
1157  -1.60757
1158  -1.74793
1159  -1.74522
1160  -1.52212
1161  -1.81749
1162  -2.0123
1163  -1.66509
1164  -1.69841
1165  -1.75292
1166  -1.4507
1167  -1.53592
1168  -1.35289
1169  -1.14804
1170  -1.06124
1171  -0.981859
1172  -0.969118
1173  -1.39343
1174  -1.05349
1175  -0.746641
1176  -1.17424
1177  -0.889188
1178  -0.589356
1179  -0.910479
1180  -1.01661
1181  -0.814906
1182  -1.04927
1183  -0.644024
1184  -0.468605
1185  -0.453848
1186  -0.848266
1187  -0.776231
1188  -1.05477
1189  -1.044
1190  -0.747752
1191  -0.920973
1192  -0.873011
1193  -0.563016
1194  -0.759336
1195  -0.823941
1196  -0.656063
1197  -0.663045
1198  -0.693036
1199  -0.623282
1200  -0.753494
1201  -0.416206
1202  -0.563295
1203  -0.793608
1204  -0.484427
1205  -0.601213
1206  -0.512273
1207  -0.320285
1208  -0.592959
1209  -0.623517
1210  -0.347815
1211  -0.623528
1212  -0.632197
1213  -0.443072
1214  -0.654653
1215  -0.560999
1216  -0.401744
1217  -0.293954
1218  -0.333408
1219  -0.503551
1220  -0.511963
1221  -0.372495
1222  -0.535612
1223  -0.293774
1224  -0.609535
1225  -0.758321
1226  -0.581528
1227  -0.752121
1228  -0.963805
1229  -0.536379
1230  -0.814337
1231  -0.512289
1232  -0.54578
1233  -0.593458
1234  -0.729828
1235  -0.85933
1236  -0.682453
1237  -0.457895
1238  -0.237758
1239  -0.798003
1240  -0.440955
1241  -0.606164
1242  -1.17629
1243  -0.886351
1244  -0.585114
1245  -0.631886
1246  -0.86121
1247  -0.65535
1248  -0.550344
1249  -0.572334
1250  -1.261
1251  -0.938151
1252  -0.841583
1253  -0.746421
1254  -0.697653
1255  -0.425958
1256  -0.604927
1257  -0.576707
1258  -0.394307
1259  -0.818836
1260  -1.00606
1261  -0.623182
1262  -0.835894
1263  -0.764168
1264  -0.660275
1265  -0.714532
1266  -0.847943
1267  -0.859391
1268  -0.697847
1269  -0.837463
1270  -0.677581
1271  -0.710488
1272  -0.673414
1273  -0.457912
1274  -0.378423
1275  -0.838782
1276  -0.678655
1277  -0.335081
1278  -0.698
1279  -0.774851
1280  -0.53809
1281  -0.507662
1282  -0.517529
1283  -0.556918
1284  -0.554123
1285  -0.719016
1286  -0.522594
1287  -0.276222
1288  -0.508644
1289  -0.485724
1290  -0.224835
1291  -0.330101
1292  -0.49773
1293  -0.247076
1294  -0.30994
1295  -0.526468
1296  -0.484225
1297  -0.426781
1298  -0.595861
1299  -0.574834
1300  -0.669865
1301  -0.528143
1302  -0.25168
1303  -0.237846
1304  -0.156911
1305  -0.109875
1306  -0.116844
1307  -0.357749
1308  -0.256942
1309  0.179438
1310  0.0685216
1311  -0.459612
1312  -0.391584
1313  -0.331624
1314  -0.304405
1315  -0.281753
1316  -0.719651
1317  -0.537701
1318  -0.397094
1319  -0.259887
1320  -0.50998
1321  -0.5987
1322  -0.432939
1323  -0.777585
1324  -0.511824
1325  -0.40786
1326  -0.356191
1327  -0.397719
1328  -0.440316
1329  -0.33406
1330  -0.514514
1331  -0.45624
1332  -0.434611
1333  -0.699808
1334  -0.505741
1335  -0.576373
1336  -0.321915
1337  -0.432391
1338  -0.54002
1339  -0.602152
1340  -0.186031
1341  -0.793975
1342  -0.613501
1343  -0.383085
1344  -0.280277
1345  -0.406648
1346  -0.482548
1347  -0.456
1348  -0.576958
1349  -0.434937
1350  -0.640218
1351  -0.627336
1352  -0.72857
1353  -0.60762
1354  -0.434529
1355  -1.01276
1356  -0.544843
1357  -0.539666
1358  -0.430869
1359  -0.301162
1360  -0.284367
1361  -0.388148
1362  -0.300749
1363  -0.574866
1364  -0.605851
1365  -0.798176
1366  -0.656586
1367  -0.705396
1368  -0.940797
1369  -1.02179
1370  -0.712482
1371  -0.633425
1372  -0.618052
1373  -0.812245
1374  -0.534701
1375  -0.499712
1376  -0.972203
1377  -0.490686
1378  -0.782627
1379  -1.02813
1380  -1.23999
1381  -1.1486
1382  -0.775343
1383  -0.860301
1384  -0.69963
1385  -0.664197
1386  -0.709704
1387  -0.427695
1388  -0.815252
1389  -0.535784
1390  -0.805062
1391  -0.776434
1392  -0.786514
1393  -0.857559
1394  -0.599861
1395  -0.699865
1396  -0.705862
1397  -0.479772
1398  -0.218233
1399  -0.258334
1400  -0.621975
1401  -0.365471
1402  -0.35945
1403  -0.258567
1404  -0.126318
1405  -0.270959
1406  -0.24922
1407  -0.485392
1408  -0.6022
1409  -0.118694
1410  -0.345221
1411  -0.602068
1412  -0.285701
1413  -0.129692
1414  -0.199082
1415  -0.463374
1416  -0.266058
1417  -0.518455
1418  -0.391317
1419  -0.00223952
1420  0.134472
1421  -0.154062
1422  -0.495906
1423  -0.551947
1424  -0.0491762
1425  -0.19031
1426  -0.696082
1427  -0.609575
1428  -0.423684
1429  -0.419082
1430  -0.424584
1431  -0.432348
1432  -0.217707
1433  -0.778408
1434  -0.539343
1435  -0.437575
1436  -0.544096
1437  -0.459468
1438  -0.51735
1439  -0.425581
1440  -0.388993
1441  -0.262675
1442  -0.108546
1443  -0.396485
1444  -0.119737
1445  -0.227076
1446  -0.00924035
1447  -0.165478
1448  -0.00646992
1449  -0.372195
1450  -0.675512
1451  -0.582589
1452  -0.220075
1453  -0.387481
1454  -0.261372
1455  -0.491987
1456  -0.186407
1457  -0.0389904
1458  0.0530242
1459  -0.110501
1460  -0.350524
1461  -0.0971401
1462  -0.364058
1463  -0.274202
1464  -0.30892
1465  -0.0367904
1466  -0.415577
1467  -0.229273
1468  -0.199431
1469  -0.128798
1470  -0.141378
1471  -0.190897
1472  0.00327865
1473  0.0487655
1474  -0.328323
1475  -0.143502
1476  0.121988
1477  -0.146246
1478  -0.130635
1479  -0.158485
1480  -0.175373
1481  -0.368456
1482  -0.132301
1483  0.0354612
1484  -0.172513
1485  -0.221696
1486  -0.353239
1487  -0.138448
1488  -0.544788
1489  -0.20282
1490  -0.164848
1491  -0.309916
1492  0.0755612
1493  -0.350687
1494  -0.201128
1495  -0.145068
1496  -0.323479
1497  -0.111466
1498  -0.318107
1499  -0.194449
