0  -0.123558
1  0.0590031
2  -0.220032
3  0.222303
4  -0.143578
5  -0.224142
6  -0.0119174
7  0.130785
8  -0.213559
9  0.0714292
10  0.289916
11  -0.135035
12  -0.209446
13  0.164808
14  -0.204983
15  -0.103929
16  0.263632
17  -0.183682
18  -0.0695757
19  0.206624
20  0.198272
21  0.303299
22  -0.319534
23  -0.17003
24  -0.083479
25  0.293081
26  0.188717
27  0.269362
28  0.0996487
29  0.168493
30  0.143315
31  0.291065
32  0.169743
33  -0.196912
34  0.351936
35  0.0175765
36  -0.146822
37  -0.247041
38  0.0193386
39  -0.00164355
40  -0.330445
41  -0.151951
42  -0.124623
43  -0.0377011
44  -0.153399
45  -0.0616513
46  0.217094
47  -0.0412616
48  0.526155
49  0.0103934
50  -0.155574
51  0.156698
52  -0.0251753
53  -0.486986
54  -0.112077
55  -0.0861789
56  -0.053669
57  -0.121348
58  0.0171288
59  -0.270412
60  -0.466426
61  -0.0854315
62  -0.368563
63  0.119176
64  0.0741889
65  -0.244686
66  0.149287
67  0.273235
68  -0.0820451
69  0.522549
70  -0.0984924
71  -0.382419
72  0.0432862
73  -0.616443
74  -0.374134
75  -0.0441529
76  0.109912
77  0.21499
78  0.0274116
79  0.266239
80  0.0370493
81  -0.133328
82  0.382123
83  0.0318191
84  -0.20958
85  -0.0602799
86  0.176238
87  0.246968
88  0.381266
89  0.296738
90  0.264594
91  0.200968
92  0.282315
93  -0.109966
94  0.301846
95  -0.0148113
96  0.213406
97  -0.0737234
98  -0.503919
99  0.0459199
100  -0.108336
101  0.398047
102  0.0406834
103  -0.0602099
104  0.254409
105  0.442898
106  0.000131373
107  -0.154588
108  -0.0400711
109  0.0438422
110  -0.329786
111  0.104516
112  0.0869347
113  0.171941
114  0.264482
115  -0.191231
116  0.0374162
117  0.0127187
118  0.436448
119  0.0872902
120  -0.205241
121  0.084481
122  0.297317
123  0.146322
124  0.231696
125  0.280736
126  0.272582
127  -0.171026
128  -0.132324
129  0.136248
130  0.145936
131  -0.466158
132  -0.353683
133  -0.223764
134  -0.12266
135  -0.000197563
136  -0.291115
137  -0.0692072
138  -0.14866
139  0.0977109
140  0.0550823
141  0.238889
142  -0.106618
143  0.305843
144  -0.409339
145  0.00231427
146  -0.244137
147  -0.153012
148  -0.05372
149  -0.198959
150  -0.291873
151  0.0488608
152  -0.270022
153  -0.396522
154  -0.327561
155  -0.172074
156  0.0419556
157  -0.358796
158  0.340649
159  0.186406
160  -0.456002
161  0.392519
162  0.151058
163  -0.137508
164  0.308979
165  0.184372
166  -0.486843
167  0.0259087
168  -0.251194
169  -0.0366466
170  -0.335983
171  -0.332813
172  0.496513
173  -0.114784
174  -0.309547
175  -0.127577
176  -0.147313
177  0.0186203
178  0.370471
179  -0.146975
180  -0.205521
181  -0.0200763
182  0.131461
183  0.0647544
184  0.222592
185  0.398191
186  -0.0418144
187  -0.268694
188  0.0168589
189  0.206827
190  0.442297
191  0.33231
192  0.0942431
193  -0.139253
194  0.0331357
195  -0.339929
196  0.217452
197  0.409775
198  -0.174255
199  0.281295
200  0.120059
201  -0.145265
202  -0.0868795
203  0.130751
204  -0.394767
205  -0.403232
206  -0.257681
207  0.123588
208  0.0844395
209  0.198132
210  -0.0912916
211  -0.0220085
212  0.073845
213  -0.149759
214  -0.292326
215  -0.262474
216  -0.0593169
217  0.267426
218  -0.167343
219  -0.509535
220  -0.210499
221  -0.0905947
222  -0.200531
223  0.138035
224  0.138903
225  0.240978
226  -0.211583
227  -0.3158
228  0.0973718
229  0.20935
230  -0.218025
231  -0.185571
232  -0.333732
233  0.552598
234  -0.128896
235  -0.178284
236  -0.232102
237  -0.0167615
238  0.185367
239  0.0578116
240  0.190356
241  0.395201
242  0.14209
243  -0.572115
244  -0.324383
245  0.110017
246  0.200622
247  0.163121
248  -0.219237
249  0.189112
250  0.376781
251  0.00500288
252  0.0714997
253  0.0838322
254  0.130998
255  -0.134036
256  0.122953
257  -0.0663753
258  0.0257835
259  -0.21194
260  -0.00518082
261  0.00364355
262  0.20846
263  -0.100538
264  0.10771
265  0.101086
266  0.333558
267  -0.221237
268  -0.0558056
269  0.0863963
270  -0.221048
271  0.100271
272  -0.200837
273  0.0842443
274  -0.540411
275  -0.145894
276  0.222043
277  0.0742878
278  0.319324
279  -0.0570854
280  0.0758954
281  -0.0421837
282  -0.286711
283  -0.172845
284  -0.649136
285  -0.26717
286  -0.16613
287  0.16697
288  0.25575
289  -0.0924771
290  -0.23208
291  0.245046
292  0.324425
293  0.438807
294  -0.218024
295  -0.181587
296  -0.317033
297  -0.295705
298  0.109713
299  -0.203003
300  0.393055
301  0.573056
302  0.302947
303  -0.328687
304  0.0479905
305  -0.293212
306  -0.312358
307  -0.157053
308  0.134669
309  -0.186022
310  -0.260345
311  -0.185875
312  -0.497187
313  -0.40164
314  -0.12762
315  -0.392329
316  0.0851323
317  0.567653
318  -0.0576927
319  0.136743
320  0.116945
321  0.292604
322  0.0756559
323  0.286902
324  0.507035
325  -0.253557
326  0.237215
327  0.0611802
328  -0.123447
329  0.0624713
330  0.245449
331  0.325864
332  0.128748
333  0.211451
334  -0.15871
335  0.0855448
336  0.351361
337  0.159891
338  0.102444
339  0.167581
340  -0.516722
341  0.26433
342  -0.305643
343  0.0914942
344  0.244074
345  0.24805
346  -0.22826
347  0.270024
348  -0.214567
349  0.0205808
350  0.151545
351  0.0894852
352  -0.0552833
353  0.173343
354  0.136454
355  0.023551
356  -0.438047
357  -0.45354
358  0.143224
359  -0.107678
360  0.0539709
361  -0.0952848
362  0.346508
363  0.0806531
364  -0.667126
365  0.224146
366  -0.273655
367  -0.0338823
368  -0.347158
369  0.0115938
370  0.325905
371  0.339128
372  0.245
373  0.391624
374  -0.0264336
375  -0.199871
376  -0.0232389
377  0.271948
378  -0.126667
379  -0.0134122
380  0.167156
381  -0.241896
382  -0.489511
383  -0.429043
384  -0.256808
385  0.213854
386  0.222236
387  0.314807
388  0.0651477
389  0.443732
390  -0.261187
391  0.0546383
392  -0.0297693
393  -0.0190579
394  0.557304
395  0.187677
396  -0.0198948
397  -0.21771
398  -0.0233257
399  0.0993764
400  0.351062
401  0.218833
402  0.234582
403  -0.06725
404  0.253197
405  -0.121749
406  0.0856861
407  -0.0616818
408  -0.437538
409  -0.518053
410  0.126386
411  0.222615
412  0.492421
413  0.097588
414  -0.153745
415  -0.170279
416  -0.105899
417  -0.154437
418  -0.0445679
419  0.0862981
420  0.146583
421  -0.24624
422  0.118548
423  -0.180523
424  0.153856
425  0.000414878
426  0.0289299
427  -0.0802076
428  -0.0761895
429  0.00440563
430  0.0164414
431  -0.48083
432  -0.766835
433  0.206997
434  -0.121183
435  -0.40268
436  -0.260585
437  0.453461
438  0.24707
439  0.0936741
440  0.511041
441  0.283542
442  -0.440574
443  -0.29507
444  -0.234183
445  0.0895989
446  -0.560715
447  -0.321355
448  0.0340499
449  0.0927752
450  -0.166714
451  0.359744
452  -0.197215
453  0.0701937
454  0.907419
455  0.146303
456  0.192732
457  0.0366132
458  0.272381
459  -0.120943
460  -0.302985
461  -0.0498714
462  -0.323285
463  0.0290737
464  -0.143134
465  0.69472
466  0.456736
467  -0.0288381
468  0.290335
469  0.284411
470  -0.228927
471  0.0695094
472  0.156609
473  0.0585662
474  -0.122458
475  -0.163464
476  0.400603
477  0.197115
478  -0.615256
479  -0.417379
480  -0.168658
481  -0.193094
482  -0.245017
483  -0.119975
484  -0.0868063
485  0.317151
486  0.15763
487  -0.14494
488  -0.00083956
489  -0.145103
490  -0.259413
491  -0.429301
492  -0.826064
493  -1.24591
494  -2.4463
495  -5.5817
496  -14.3871
497  -32.942
498  -69.1333
499  -127.928
500  -216.606
501  -325.626
502  -437.256
503  -539.227
504  -620.354
505  -674.019
506  -699.978
507  -702.563
508  -686.913
509  -658.461
510  -622.384
511  -581.451
512  -538.152
513  -493.739
514  -449.976
515  -407.499
516  -366.848
517  -328.826
518  -294.785
519  -263.229
520  -235.488
521  -210.253
522  -187.605
523  -167.027
524  -149.213
525  -132.654
526  -117.237
527  -103.574
528  -90.9035
529  -79.3819
530  -68.9879
531  -59.221
532  -50.7836
533  -44.487
534  -38.5556
535  -33.6119
536  -29.7689
537  -25.7398
538  -22.3578
539  -20.1991
540  -18.6651
541  -17.2101
542  -15.8082
543  -15.4193
544  -14.8455
545  -13.3261
546  -12.1538
547  -10.7691
548  -10.2148
549  -9.9647
550  -9.42293
551  -9.10524
552  -9.15919
553  -9.01929
554  -8.59813
555  -8.44081
556  -8.66846
557  -8.65582
558  -9.02612
559  -8.43238
560  -7.94038
561  -7.1795
562  -6.17812
563  -5.63432
564  -5.07905
565  -5.05752
566  -4.58165
567  -4.56389
568  -4.50409
569  -4.72475
570  -4.40222
571  -5.21793
572  -4.70913
573  -5.00284
574  -4.60319
575  -4.51551
576  -4.13486
577  -4.04094
578  -3.45338
579  -2.97393
580  -2.90281
581  -2.73798
582  -2.6694
583  -2.73485
584  -2.30195
585  -2.23183
586  -2.83484
587  -2.51264
588  -2.71085
589  -3.231
590  -2.33675
591  -2.45612
592  -1.92566
593  -1.81583
594  -1.46488
595  -1.46887
596  -1.83937
597  -1.55232
598  -1.2683
599  -1.53624
600  -0.739333
601  -1.12636
602  -1.6226
603  -1.74516
604  -1.90917
605  -1.84339
606  -1.8103
607  -1.94124
608  -1.29495
609  -0.742386
610  -0.962643
611  -1.36843
612  -1.04755
613  -1.33123
614  -0.948742
615  -0.531081
616  -0.92696
617  -1.41482
618  -1.46757
619  -1.29313
620  -1.10565
621  -1.65819
622  -1.98082
623  -1.42873
624  -1.56943
625  -1.61875
626  -1.14491
627  -0.873652
628  -0.923662
629  -0.832645
630  -1.19452
631  -0.534539
632  -0.559162
633  -1.31647
634  -1.09838
635  -1.15797
636  -1.13049
637  -1.36858
638  -1.49955
639  -1.18215
640  -1.43214
641  -1.31439
642  -1.0659
643  -0.381279
644  -0.691964
645  -0.78021
646  -0.736542
647  -1.03727
648  -0.39225
649  -1.12656
650  -0.961171
651  -1.35341
652  -0.749711
653  -1.12766
654  -1.07314
655  -1.38697
656  -1.43538
657  -1.07844
658  -1.16747
659  -1.06846
660  -0.561342
661  -0.86954
662  -0.663424
663  -0.155401
664  -0.542055
665  -0.724709
666  -0.747416
667  -0.959653
668  -1.04759
669  -0.714987
670  -0.874343
671  -1.42178
672  -1.57073
673  -1.54683
674  -0.834668
675  -1.33566
676  -1.02168
677  -0.945994
678  -0.754121
679  -0.929599
680  -0.622837
681  -0.889376
682  -0.690805
683  -1.06932
684  -0.898007
685  -0.66782
686  -0.693361
687  -0.961658
688  -1.01107
689  -1.07853
690  -0.865111
691  -0.818978
692  -0.972606
693  -0.562108
694  -0.312854
695  -0.966523
696  -0.550574
697  -0.238965
698  -1.09602
699  -0.762026
700  -0.851131
701  -1.12999
702  -1.17682
703  -0.808063
704  -1.24208
705  -0.551106
706  -0.578424
707  -0.449257
708  -0.465496
709  -0.729777
710  -0.578383
711  -0.444214
712  -0.0737811
713  -0.260987
714  -0.701399
715  -0.783324
716  -0.764787
717  -0.645722
718  -0.546398
719  -0.720532
720  -0.493755
721  -0.115071
722  -0.568752
723  -0.520744
724  -0.258176
725  -0.307202
726  -0.295492
727  -0.240434
728  -0.900163
729  -0.334141
730  -0.576375
731  -0.592964
732  -0.271043
733  -0.44797
734  -0.932479
735  -0.702474
736  -0.269162
737  -0.0687101
738  -0.866729
739  -0.339327
740  -0.300212
741  -0.688
742  -0.494041
743  0.123908
744  0.162644
745  -0.0715923
746  -0.226218
747  -0.623967
748  -0.456422
749  -0.325363
750  -0.160952
751  -0.136549
752  -0.582043
753  -0.339528
754  -0.350178
755  -0.382078
756  -0.0802221
757  -0.373817
758  -0.107587
759  -0.432878
760  -0.40074
761  -0.0970182
762  0.403949
763  -0.141196
764  -0.215659
765  -0.108861
766  -0.691819
767  -0.444415
768  -0.268051
769  -0.34591
770  -0.267913
771  -0.250583
772  -0.0359365
773  -0.48346
774  0.375481
775  -0.222998
776  -0.345883
777  -0.0919841
778  -0.14956
779  0.0907181
780  -0.168152
781  -0.455045
782  -0.314164
783  -0.271868
784  -0.505106
785  -0.326578
786  -0.344449
787  -0.550064
788  -0.208874
789  -0.0257235
790  -0.230681
791  -0.0198871
792  0.165638
793  -0.347007
794  -0.396727
795  -0.0722925
796  0.00902159
797  -0.471059
798  0.00674538
799  -0.120546
800  0.151997
801  -0.019392
802  -0.484198
803  0.337082
804  -0.11243
805  0.119849
806  -0.554263
807  -0.405433
808  -0.15224
809  -0.0163978
810  0.100111
811  0.0457156
812  -0.102119
813  -0.0518299
814  -0.265167
815  -0.0204772
816  0.29444
817  -0.251848
818  -0.0808708
819  0.386678
820  0.404008
821  0.284136
822  0.0410009
823  -0.141893
824  -0.429841
825  -0.118886
826  -0.112725
827  0.373587
828  -0.0887425
829  -0.0372618
830  -0.129005
831  -0.237177
832  -0.0938386
833  -0.1946
834  0.204388
835  -0.200899
836  -0.0421137
837  -0.610106
838  0.159134
839  0.119262
840  -0.136363
841  -0.230449
842  -0.404992
843  0.128251
844  0.46473
845  -0.267973
846  -0.583803
847  0.115572
848  0.0187425
849  -0.179608
850  -0.481436
851  -0.373005
852  -0.0204123
853  -0.489298
854  0.0650466
855  0.176191
856  0.0516587
857  0.205311
858  -0.323287
859  -0.758655
860  -0.515133
861  -0.431451
862  -0.456186
863  -0.632966
864  -0.262207
865  -0.42549
866  -0.146663
867  -0.237063
868  -0.683804
869  -0.111745
870  -0.713474
871  -0.258096
872  -0.570282
873  -0.337503
874  -0.390676
875  -0.35086
876  -0.275665
877  -0.381025
878  0.110126
879  -0.396647
880  -0.0274339
881  -0.565952
882  -0.444905
883  -0.460049
884  -0.396746
885  -0.507924
886  -0.128016
887  0.258238
888  -0.00726531
889  -0.424556
890  -0.260296
891  -0.237826
892  -0.114294
893  0.125232
894  -0.144106
895  -0.0968205
896  -0.0771199
897  0.0150635
898  0.37
899  -0.48859
900  0.144547
901  -0.115193
902  0.104596
903  -0.291762
904  -0.191281
905  0.141098
906  -0.338669
907  -0.0876105
908  -0.166404
909  0.0745959
910  -0.0806646
911  -0.0492902
912  -0.357723
913  -0.329679
914  -0.16972
915  -0.064375
916  -0.122266
917  0.287941
918  0.0807713
919  -0.658599
920  -0.430904
921  -0.303069
922  -0.179984
923  0.0530008
924  -0.22168
925  -0.396785
926  -0.129519
927  0.0428921
928  -0.0229095
929  0.202023
930  0.278692
931  -0.174699
932  -0.061427
933  -0.125904
934  0.0536671
935  -0.0815165
936  0.0518021
937  -0.142914
938  -0.173621
939  -0.140372
940  -0.327663
941  0.107452
942  0.0873229
943  -0.28469
944  -0.0335442
945  -0.264306
946  0.131943
947  -0.458289
948  -0.160464
949  -0.699046
950  -0.191746
951  -0.547686
952  -0.367279
953  -0.510015
954  -0.675413
955  -0.339398
956  -0.433333
957  -0.186718
958  -0.153648
959  -0.175846
960  -0.628671
961  -0.139511
962  -0.14391
963  -0.146047
964  -0.333154
965  -0.273148
966  -0.360078
967  -0.441871
968  -0.0425385
969  -0.0837182
970  -0.746844
971  -0.530909
972  -0.223762
973  -0.128416
974  -0.0572221
975  -0.0733626
976  -0.1834
977  0.0620061
978  -0.427475
979  -0.13809
980  -0.014462
981  -0.527555
982  -0.700605
983  -0.283422
984  0.154189
985  0.358826
986  0.187929
987  -0.155726
988  -0.0452858
989  -0.359122
990  -0.494504
991  -0.218331
992  -0.144122
993  -0.162993
994  -0.126774
995  -0.0593814
996  -0.272786
997  -0.0303074
998  -0.5605
999  -0.212423
1000  -0.373364
1001  -0.320678
1002  -0.644545
1003  -0.607002
1004  -0.0961397
1005  -0.42031
1006  -0.539055
1007  -0.190625
1008  -0.0723845
1009  -0.66069
1010  -0.195591
1011  -0.437159
1012  -0.0778614
1013  -0.447823
1014  -0.21333
1015  -0.373736
1016  -0.314824
1017  -0.392568
1018  -0.524648
1019  -0.0933096
1020  -0.258199
1021  -0.484339
1022  -0.898254
1023  -0.564317
1024  -0.133112
1025  -0.200016
1026  -0.385187
1027  -0.179075
1028  -0.418439
1029  0.0484317
1030  -0.432877
1031  -0.503943
1032  -0.213111
1033  -0.172176
1034  -0.14785
1035  -0.117827
1036  -0.40474
1037  -0.221735
1038  -0.102437
1039  -0.201133
1040  -0.675991
1041  -0.855172
1042  -0.656737
1043  -0.419614
1044  -0.323945
1045  -0.290231
1046  -0.290859
1047  -0.274001
1048  0.0835841
1049  -0.303595
1050  -0.239075
1051  -0.420277
1052  -0.152533
1053  -0.0560131
1054  0.164136
1055  0.178561
1056  -0.381929
1057  -0.145369
1058  -0.59969
1059  -0.389076
1060  -0.0467209
1061  -0.320005
1062  -0.390158
1063  -0.294327
1064  0.00369073
1065  -0.0487055
1066  0.285329
1067  -0.068094
1068  -0.317813
1069  -0.432343
1070  -0.0232339
1071  -0.257674
1072  0.00209497
1073  0.150147
1074  -0.0654012
1075  -0.0183864
1076  0.0188511
1077  -0.159181
1078  0.0582561
1079  0.268996
1080  -0.0841152
1081  -0.108062
1082  -0.126124
1083  0.00365434
1084  0.134291
1085  -0.486329
1086  -0.185951
1087  -0.416453
1088  0.234945
1089  -0.248609
1090  -0.038391
1091  -0.419653
1092  0.0473315
1093  0.17035
1094  0.0073938
1095  -0.21928
1096  -0.175346
1097  0.259769
1098  0.0125811
1099  0.320906
1100  0.199148
1101  0.0641697
1102  -0.198302
1103  -0.0901184
1104  0.00429534
1105  -0.369272
1106  -0.349857
1107  -0.259232
1108  -0.32866
1109  -0.614791
1110  0.299556
1111  -0.694887
1112  -0.62309
1113  0.206868
1114  -0.517876
1115  -0.512263
1116  -0.856194
1117  -0.672033
1118  -0.577524
1119  0.184924
1120  -0.285332
1121  -0.427119
1122  -0.554114
1123  -0.469801
1124  -0.353827
1125  -0.786195
1126  -0.158698
1127  -0.609247
1128  -0.360244
1129  -0.111286
1130  -0.0890712
1131  0.0370035
1132  -0.0428836
1133  -0.357302
1134  -0.614577
1135  -0.43874
1136  -0.437784
1137  -0.47752
1138  -0.245691
1139  -0.0608232
1140  -0.623922
1141  -0.268109
1142  0.0481926
1143  -0.223235
1144  0.335409
1145  0.622282
1146  -0.173431
1147  -0.458591
1148  -0.132857
1149  -0.264037
1150  0.0761221
1151  -0.246772
1152  -0.254157
1153  -0.0126002
1154  -0.30298
1155  -0.207126
1156  -0.245987
1157  0.254829
1158  -0.0528354
1159  0.380306
1160  -0.352438
1161  -0.39032
1162  -0.456362
1163  -0.358921
1164  -0.0383806
1165  0.00828597
1166  -0.298015
1167  0.0542123
1168  -0.431791
1169  -0.241941
1170  0.0775505
1171  0.376406
1172  -0.0132273
1173  -0.572651
1174  -0.313855
1175  -0.231139
1176  0.30865
1177  0.198508
1178  -0.111472
1179  -0.037978
1180  0.0904152
1181  -0.216823
1182  -0.0769147
1183  -0.0498985
1184  -0.260184
1185  -0.251132
1186  -0.34533
1187  -0.557584
1188  -0.156177
1189  -0.455053
1190  -0.503223
1191  -0.0360178
1192  0.226408
1193  -0.0452417
1194  -0.0907793
1195  -0.277125
1196  -0.887303
1197  0.106354
1198  -0.0923128
1199  -0.450579
1200  -0.180103
1201  -0.225866
1202  0.00365148
1203  -0.114414
1204  0.338011
1205  -0.27039
1206  -0.278487
1207  -0.41586
1208  0.0547676
1209  0.00793059
1210  0.0675526
1211  -0.118357
1212  0.310086
1213  -0.132703
1214  -0.359341
1215  -0.204462
1216  -0.21728
1217  -0.276269
1218  0.1274
1219  0.482788
1220  0.258199
1221  -0.21406
1222  0.0118772
1223  -0.110015
1224  -0.0576302
1225  -0.285277
1226  -0.107118
1227  -0.493664
1228  -0.245165
1229  -0.401426
1230  -0.07537
1231  -0.429834
1232  -0.558186
1233  -0.569055
1234  -0.324106
1235  -0.606283
1236  -0.61556
1237  -0.172549
1238  0.0176121
1239  -0.226323
1240  -0.116532
1241  -0.029691
1242  -0.117218
1243  -0.295782
1244  -0.376697
1245  -0.804058
1246  -0.262409
1247  -0.214594
1248  -0.553282
1249  -0.57343
1250  0.11656
1251  0.0654141
1252  0.548775
1253  -0.035285
1254  -0.719237
1255  -0.390609
1256  -0.788225
1257  -0.0915718
1258  0.102393
1259  -0.235214
1260  -0.414054
1261  -0.0677587
1262  -0.111669
1263  -0.123853
1264  -0.59955
1265  -0.286034
1266  -0.183426
1267  -0.393252
1268  0.0151307
1269  0.00346706
1270  -0.000443901
1271  -0.540856
1272  -0.595402
1273  -0.271829
1274  -0.0940221
1275  -0.261865
1276  -0.324393
1277  -0.778316
1278  -0.158341
1279  -0.129385
1280  -0.184641
1281  -0.693334
1282  -0.488638
1283  -0.277563
1284  -0.491376
1285  -0.161805
1286  -0.0311663
1287  0.0734713
1288  -0.448651
1289  -0.395168
1290  -0.424558
1291  -0.611871
1292  -0.43467
1293  -0.354687
1294  -0.548831
1295  -0.395018
1296  -0.400642
1297  -0.162559
1298  -0.802051
1299  -0.517734
1300  -0.917349
1301  -1.23742
1302  -0.363287
1303  -0.699179
1304  -0.639504
1305  -0.616768
1306  -0.637148
1307  -0.427228
1308  -0.787041
1309  -0.0778525
1310  -0.721541
1311  -0.496777
1312  -0.17539
1313  -0.0903782
1314  -0.273197
1315  -0.048236
1316  -0.245015
1317  -0.304227
1318  -0.683939
1319  -0.630273
1320  -0.406606
1321  -0.433542
1322  -0.225692
1323  -0.323696
1324  -0.213709
1325  -0.131034
1326  -0.683268
1327  0.244023
1328  -0.199853
1329  -0.417775
1330  -0.310509
1331  -0.0148839
1332  -0.504705
1333  -0.256661
1334  -0.238197
1335  -0.555218
1336  -0.809343
1337  -0.398334
1338  -0.180674
1339  -0.32346
1340  -0.528146
1341  -0.357789
1342  -0.276541
1343  0.0777848
1344  -0.213211
1345  -0.628582
1346  -0.334091
1347  -0.405626
1348  -0.80899
1349  -0.140754
1350  -0.157852
1351  -0.257513
1352  -0.232716
1353  -0.817109
1354  -0.596801
1355  -0.505866
1356  -0.0955874
1357  0.0348741
1358  -0.626682
1359  -0.304788
1360  -0.438606
1361  -0.631215
1362  -0.649936
1363  -0.397781
1364  -0.773175
1365  -1.16682
1366  -0.297334
1367  -0.227448
1368  -0.181819
1369  -0.400491
1370  0.0199817
1371  -0.10162
1372  -0.333702
1373  -0.471741
1374  -0.494985
1375  -0.392476
1376  -0.494965
1377  -0.224638
1378  -0.0261944
1379  0.073164
1380  -0.587649
1381  -0.0404252
1382  0.251703
1383  -0.0343032
1384  -0.220934
1385  -0.13757
1386  -0.00150027
1387  -0.342832
1388  -0.287183
1389  -0.147103
1390  -0.23572
1391  -0.0658516
1392  -0.447181
1393  -0.432162
1394  -0.0478524
1395  -0.531946
1396  -0.347109
1397  -0.471304
1398  0.0983535
1399  0.226925
1400  0.314679
1401  0.181195
1402  -0.28564
1403  -0.685832
1404  -0.253361
1405  -0.218538
1406  -0.502802
1407  -0.00212955
1408  -0.125683
1409  -0.484038
1410  0.0800012
1411  -0.236575
1412  -0.125603
1413  0.195986
1414  -0.185407
1415  -0.381485
1416  -0.19826
1417  0.0436741
1418  0.174087
1419  0.182288
1420  -0.325631
1421  -0.0534603
1422  -0.291972
1423  -0.225091
1424  0.165277
1425  -0.508747
1426  -0.147499
1427  -0.105538
1428  -0.46766
1429  -0.377322
1430  -0.0823789
1431  -0.436999
1432  -0.837357
1433  -0.543596
1434  -0.228161
1435  0.124661
1436  -0.244013
1437  -0.0305276
1438  0.226352
1439  -0.0179175
1440  -0.811519
1441  -0.402316
1442  -0.248091
1443  -0.256644
1444  -0.128834
1445  -0.821987
1446  -0.173237
1447  0.0872615
1448  -0.52746
1449  -0.624119
1450  -0.0456909
1451  -0.0512915
1452  0.00196114
1453  -0.53084
1454  -0.254468
1455  -0.592204
1456  -0.745896
1457  -0.429555
1458  -0.460657
1459  -0.441027
1460  -0.507184
1461  -1.03514
1462  -0.0429496
1463  -0.260417
1464  -0.569083
1465  -0.604133
1466  -0.100221
1467  -0.379258
1468  -0.284689
1469  -0.444434
1470  -0.14503
1471  -0.26232
1472  -0.683636
1473  -0.294
1474  0.206392
1475  -0.201412
1476  -0.174732
1477  -0.149111
1478  -0.364625
1479  -0.197741
1480  -0.562055
1481  -0.155846
1482  -0.184798
1483  -0.615203
1484  -0.316496
1485  -0.205117
1486  -0.295713
1487  -0.420142
1488  -0.176235
1489  -0.0926525
1490  -0.579578
1491  -0.211779
1492  0.0334179
1493  -0.00855458
1494  -0.284011
1495  -0.132057
1496  -0.136693
1497  -0.256386
1498  -0.0204476
1499  0.0409387
