0  0.0122675
1  -0.0601631
2  -0.0255703
3  -0.0270609
4  0.0150143
5  -0.00529512
6  0.0600066
7  -0.180869
8  0.0736425
9  -0.17651
10  0.044408
11  0.058557
12  0.169728
13  -0.0840381
14  0.0281029
15  0.0934896
16  0.188438
17  -0.028588
18  -0.0430365
19  -0.0604434
20  0.0664271
21  0.155497
22  -0.00841034
23  0.0234834
24  -0.111731
25  0.0556053
26  -0.0232049
27  0.17597
28  0.0908049
29  0.0649254
30  0.129508
31  0.0498691
32  0.101191
33  -0.0974037
34  -0.111031
35  0.0648838
36  0.1466
37  0.0103639
38  0.0942081
39  0.0604687
40  0.0756467
41  0.0351541
42  0.116486
43  0.103099
44  0.055691
45  -0.146155
46  -0.00360249
47  0.0114932
48  0.0489773
49  0.0988591
50  -0.0204118
51  0.169111
52  -0.0721261
53  -0.015873
54  -0.0656377
55  -0.0471433
56  0.0125524
57  -0.162295
58  -0.0870797
59  0.162651
60  -0.0802946
61  0.132074
62  -0.0893422
63  0.121834
64  0.0850437
65  -0.0842445
66  0.015609
67  -0.0108552
68  -0.00680175
69  0.0744471
70  -0.009061
71  0.0914877
72  0.00956366
73  0.000506116
74  0.000701795
75  -0.0852873
76  -0.058797
77  -0.0695862
78  -0.11677
79  -0.10562
80  -0.137172
81  -0.0488
82  -0.0530235
83  0.0143862
84  0.0644051
85  -0.137688
86  0.10421
87  0.0307326
88  0.0489016
89  0.148646
90  0.0470462
91  -0.0507554
92  0.0355537
93  0.00384111
94  -0.0102038
95  -0.0261144
96  -0.0162778
97  -0.204207
98  0.0423777
99  -0.0071671
100  0.0242284
101  0.09613
102  0.0811318
103  0.204316
104  -0.0268948
105  -0.151997
106  -0.0123327
107  -0.0918832
108  -0.115215
109  -0.00995005
110  0.155263
111  0.0645395
112  -0.0368955
113  -0.0766914
114  0.051001
115  0.0611918
116  0.0852944
117  0.00383722
118  0.0531129
119  -0.130285
120  -0.079365
121  -0.103339
122  0.0421586
123  -0.0754623
124  0.0635778
125  -0.0979652
126  -0.042935
127  -0.0229235
128  -0.127345
129  -0.181852
130  0.0990889
131  -0.0101432
132  -0.125675
133  0.18863
134  0.037525
135  0.0399073
136  0.0455001
137  -0.0890572
138  0.0348408
139  -0.0390263
140  -0.135205
141  0.0897821
142  -0.0153623
143  -0.079312
144  -0.0763128
145  -0.0449908
146  -0.0136931
147  -0.0215886
148  0.0767992
149  -0.0383462
150  0.0776333
151  0.0525561
152  -0.148428
153  -0.0318275
154  -0.00964273
155  0.104683
156  -0.0373931
157  0.175787
158  -0.0461429
159  -0.16944
160  -0.0325081
161  -0.169755
162  -0.0638633
163  -0.0278763
164  -0.0180444
165  -0.100836
166  -0.13751
167  -0.0734592
168  0.100018
169  0.0265192
170  -0.137334
171  -0.0499075
172  0.119909
173  0.0145585
174  -0.0868222
175  -0.0997484
176  -0.0513065
177  -0.166823
178  0.0753341
179  0.0609915
180  -0.07201
181  0.00258613
182  -0.141226
183  -0.0958039
184  0.0410638
185  0.0305401
186  -0.139268
187  -0.00537467
188  -0.126087
189  -0.130947
190  -0.110483
191  -0.124191
192  0.0181993
193  0.0872552
194  0.0329851
195  0.0674022
196  -0.0677194
197  -0.104147
198  0.0568117
199  0.196599
200  -0.0807994
201  0.142099
202  0.0804855
203  0.0156762
204  -0.0132694
205  -0.0560648
206  0.0313809
207  -0.0882501
208  -0.0904856
209  0.0202039
210  0.0682533
211  -0.0626651
212  -0.0860652
213  -0.0900154
214  -0.0312334
215  0.112963
216  0.00648182
217  -0.0635471
218  0.0214333
219  -0.0993085
220  -0.0679031
221  0.0604124
222  0.2176
223  0.0621038
224  0.0333807
225  -0.052243
226  -0.211021
227  -0.00298598
228  0.0970623
229  -0.0500007
230  -0.00407188
231  0.139719
232  -0.12664
233  -0.123995
234  -0.0694569
235  -0.183543
236  -0.0149663
237  -0.00280527
238  -0.0309102
239  0.0691784
240  0.191022
241  -0.0854196
242  -0.128622
243  0.0463624
244  -0.078707
245  -0.209812
246  -0.0300896
247  0.0653946
248  -0.090984
249  -0.0884563
250  -0.132486
251  -0.0842058
252  0.104081
253  -0.0371516
254  -0.0132566
255  0.000195275
256  0.17428
257  0.125907
258  0.0780575
259  0.0366221
260  -0.0825451
261  -0.0609724
262  0.0314167
263  0.0965758
264  -0.0514469
265  0.0350894
266  -0.124077
267  0.175789
268  -0.0107737
269  0.158476
270  0.0411092
271  0.110413
272  0.0461185
273  -0.0329397
274  0.0121844
275  -0.111422
276  0.0302991
277  0.0524681
278  -0.0199217
279  -0.0111311
280  0.0407957
281  0.0186253
282  0.0130076
283  -0.0358235
284  0.0589441
285  0.019336
286  -0.0448773
287  0.108607
288  -0.00861622
289  0.0202042
290  0.0742699
291  0.115756
292  -0.0302188
293  -0.175464
294  -0.078405
295  0.00503455
296  0.132041
297  0.015054
298  0.160239
299  -0.0828964
300  0.0331288
301  0.0804581
302  -0.142368
303  -0.0191417
304  -0.0525108
305  0.0826968
306  0.0262074
307  -0.0550053
308  0.0686859
309  -0.103715
310  -0.0458583
311  0.0415879
312  0.0354646
313  -0.0620973
314  -0.102572
315  0.0750841
316  0.0862876
317  0.110588
318  -0.0365386
319  -0.115047
320  0.084838
321  0.0661266
322  0.215776
323  0.00200034
324  -0.0012011
325  -0.0516413
326  -0.0457099
327  -0.0357621
328  -0.12628
329  0.0323065
330  -0.131497
331  0.122304
332  0.0106943
333  -0.105949
334  -0.0130729
335  0.016296
336  -0.088992
337  0.0150593
338  -0.161262
339  0.157281
340  0.0715445
341  -0.0625301
342  0.0359875
343  -0.0790195
344  0.119824
345  -0.210588
346  0.0341081
347  -0.0786825
348  -0.00329888
349  0.0878448
350  -0.0304791
351  -0.0680294
352  -0.188617
353  0.00389059
354  -0.0165034
355  0.0173324
356  -0.00560034
357  -0.0976039
358  -0.00412262
359  -0.015161
360  0.0438303
361  -0.0775518
362  0.0585694
363  0.0153892
364  0.0268391
365  -0.0499048
366  0.0277682
367  0.123934
368  0.0240351
369  0.0630096
370  -0.0682032
371  -0.048731
372  0.110654
373  -0.0253045
374  0.11915
375  -0.110309
376  0.0756458
377  0.0729154
378  0.0952711
379  0.122484
380  0.104589
381  0.0245844
382  0.0318594
383  -0.0518961
384  -0.010111
385  0.0539131
386  0.144706
387  0.144098
388  0.104297
389  0.0278023
390  0.0183902
391  0.165868
392  -0.00386628
393  0.0626088
394  0.0167052
395  0.139975
396  0.100942
397  0.179677
398  0.102341
399  0.0400144
400  -0.0587096
401  -0.0125419
402  0.010291
403  -0.104765
404  -0.14238
405  -0.0016497
406  -0.0482799
407  0.0273458
408  0.00570136
409  -0.00256869
410  0.0136545
411  -0.147108
412  -0.143259
413  -0.119931
414  -0.15964
415  -0.0376658
416  0.0731306
417  0.122828
418  0.094723
419  -0.126774
420  0.0602642
421  -0.0664741
422  0.0166636
423  0.00501193
424  0.0522492
425  0.120731
426  0.0471302
427  0.0345135
428  0.0560568
429  -0.12593
430  -0.00394684
431  0.0875569
432  -0.0259324
433  -0.0651183
434  0.0270695
435  0.00291938
436  -0.0683175
437  -0.0441349
438  0.00114005
439  0.00337631
440  0.0608805
441  0.214448
442  0.0995898
443  -0.0111112
444  -0.0410497
445  -0.0204843
446  -0.00318364
447  0.0589388
448  0.105369
449  -0.0288046
450  0.0514033
451  -0.0247197
452  0.0541676
453  -0.0460652
454  0.131288
455  0.0475806
456  0.033216
457  -0.00501705
458  -0.143832
459  0.108607
460  0.0552911
461  -0.0656374
462  0.0109821
463  -0.0460465
464  -0.0125155
465  -0.126173
466  0.0864023
467  0.00392985
468  -0.0421071
469  -0.156487
470  -0.0388975
471  -0.0946296
472  -0.0463178
473  -0.117188
474  -0.0416478
475  0.0610029
476  0.0989759
477  0.0248344
478  0.0173798
479  0.0324478
480  0.0199091
481  -0.129852
482  0.0219807
483  0.0222644
484  -0.106364
485  0.0842165
486  -0.0566507
487  0.199863
488  0.180347
489  -0.141725
490  -0.020351
491  0.00839588
492  -0.0164346
493  -0.0358183
494  -0.00607583
495  0.00736878
496  -0.0776684
497  -0.00933302
498  -0.18198
499  -0.234877
500  -0.169705
501  -0.136921
502  -0.0944899
503  -0.133415
504  -0.158954
505  -0.377619
506  -1.10538
507  -4.5652
508  -16.8243
509  -57.1032
510  -168.876
511  -414.965
512  -840.928
513  -1404.97
514  -1975.9
515  -2415.88
516  -2665.43
517  -2751.02
518  -2716.9
519  -2583.86
520  -2368.94
521  -2110.04
522  -1850.85
523  -1612.55
524  -1395.4
525  -1196.44
526  -1018.5
527  -863.227
528  -728.286
529  -614.508
530  -525.694
531  -458.721
532  -402.563
533  -347.943
534  -296.969
535  -257.129
536  -230.175
537  -209.253
538  -187.726
539  -166.289
540  -151.269
541  -143.86
542  -137.452
543  -127.549
544  -115.613
545  -108.416
546  -107.131
547  -106.823
548  -103.204
549  -97.7204
550  -95.0804
551  -96.3727
552  -97.234
553  -93.7212
554  -87.533
555  -83.7816
556  -84.4383
557  -86.73
558  -86.8359
559  -84.6217
560  -81.8243
561  -79.1705
562  -75.8349
563  -70.6502
564  -66.1615
565  -64.436
566  -65.6186
567  -66.0502
568  -62.7669
569  -57.2625
570  -53.1616
571  -52.3876
572  -52.0909
573  -50.5387
574  -48.0666
575  -46.8131
576  -47.5121
577  -47.9738
578  -46.1363
579  -42.8719
580  -40.1106
581  -39.9955
582  -40.2644
583  -39.3149
584  -37.6374
585  -36.7093
586  -37.9643
587  -39.155
588  -37.999
589  -34.3509
590  -31.4899
591  -31.5627
592  -34.3089
593  -36.4015
594  -35.533
595  -33.0655
596  -30.4873
597  -29.1913
598  -27.9525
599  -26.9102
600  -26.2995
601  -26.5614
602  -27.4689
603  -28.2768
604  -27.4703
605  -25.6378
606  -23.993
607  -23.8651
608  -24.9517
609  -25.3851
610  -24.6222
611  -23.8671
612  -23.8624
613  -24.3789
614  -24.2878
615  -22.7897
616  -20.9028
617  -20.396
618  -20.8083
619  -21.9761
620  -22.3138
621  -21.7529
622  -21.1507
623  -20.2727
624  -19.2205
625  -18.4334
626  -18.0997
627  -18.3258
628  -19.3831
629  -19.9999
630  -19.5487
631  -18.3182
632  -17.058
633  -16.309
634  -16.4328
635  -16.7651
636  -16.9292
637  -16.8276
638  -16.456
639  -15.6067
640  -14.9918
641  -14.4572
642  -14.2965
643  -14.1594
644  -14.3055
645  -14.341
646  -14.6506
647  -14.9175
648  -15.0877
649  -14.7976
650  -13.7058
651  -12.7272
652  -12.0951
653  -12.5883
654  -13.114
655  -13.3347
656  -13.2571
657  -12.816
658  -12.0932
659  -11.5892
660  -11.0234
661  -10.922
662  -11.4626
663  -12.1398
664  -12.5155
665  -11.9966
666  -11.1414
667  -10.3463
668  -10.13
669  -10.1579
670  -10.3622
671  -10.4051
672  -10.4584
673  -10.5316
674  -10.5542
675  -10.3448
676  -9.76898
677  -9.35605
678  -9.06118
679  -9.18315
680  -9.4952
681  -9.56566
682  -9.81615
683  -9.79691
684  -9.4268
685  -8.89433
686  -8.25466
687  -8.08274
688  -8.29197
689  -8.90117
690  -9.21342
691  -9.19612
692  -8.73783
693  -7.96027
694  -7.24607
695  -7.42744
696  -7.52456
697  -7.73148
698  -7.76953
699  -7.61486
700  -7.47252
701  -7.03934
702  -6.87154
703  -6.35144
704  -6.09663
705  -6.0727
706  -6.42942
707  -6.54028
708  -6.35916
709  -6.04499
710  -5.83532
711  -5.45772
712  -5.31528
713  -5.18429
714  -5.04361
715  -5.32655
716  -5.5565
717  -5.722
718  -5.62112
719  -5.18582
720  -4.10346
721  -3.20992
722  -3.0444
723  -3.42941
724  -4.06371
725  -4.51569
726  -4.48969
727  -4.46914
728  -4.86455
729  -4.7902
730  -4.90415
731  -5.12227
732  -5.52532
733  -5.67596
734  -6.13671
735  -6.20617
736  -6.02436
737  -5.91699
738  -5.64782
739  -5.57926
740  -5.73623
741  -5.65217
742  -5.68829
743  -5.6856
744  -5.78604
745  -5.51552
746  -5.32753
747  -5.02478
748  -4.84953
749  -4.85762
750  -5.00886
751  -5.28164
752  -5.51715
753  -5.40131
754  -4.96708
755  -4.75626
756  -4.55798
757  -4.56191
758  -4.56186
759  -4.78337
760  -4.90154
761  -4.87912
762  -4.72235
763  -4.47986
764  -4.39009
765  -4.14561
766  -4.35528
767  -4.39615
768  -4.56879
769  -4.49965
770  -4.36593
771  -4.27227
772  -4.3182
773  -3.96729
774  -3.95337
775  -3.94608
776  -4.07236
777  -4.12397
778  -4.19191
779  -4.15948
780  -4.07552
781  -3.925
782  -3.77386
783  -3.63106
784  -3.75322
785  -3.68264
786  -3.94109
787  -4.13702
788  -3.90444
789  -3.71804
790  -3.49756
791  -3.5348
792  -3.59908
793  -3.76304
794  -3.57906
795  -3.87113
796  -3.66529
797  -3.46016
798  -3.36687
799  -3.28668
800  -3.12998
801  -3.20717
802  -3.49165
803  -3.40443
804  -3.33572
805  -3.27982
806  -3.34307
807  -3.3082
808  -3.22339
809  -3.02458
810  -2.98601
811  -3.01927
812  -3.32014
813  -3.30554
814  -3.23804
815  -3.08636
816  -2.89307
817  -2.87394
818  -2.84006
819  -2.87842
820  -2.96653
821  -3.04132
822  -3.0627
823  -3.21757
824  -2.95055
825  -2.81951
826  -2.80544
827  -2.83784
828  -2.87553
829  -2.79383
830  -2.91718
831  -2.85315
832  -3.00415
833  -2.74895
834  -2.46181
835  -2.67244
836  -2.6488
837  -2.71272
838  -2.71347
839  -2.74089
840  -2.75325
841  -2.77917
842  -2.69618
843  -2.48421
844  -2.55575
845  -2.63745
846  -2.62302
847  -2.75604
848  -2.81399
849  -2.74443
850  -2.65662
851  -2.59887
852  -2.4276
853  -2.36075
854  -2.47742
855  -2.52557
856  -2.56763
857  -2.61832
858  -2.5494
859  -2.4263
860  -2.44395
861  -2.36001
862  -2.41689
863  -2.30382
864  -2.565
865  -2.39979
866  -2.45067
867  -2.61099
868  -2.37872
869  -2.26011
870  -2.41482
871  -2.37643
872  -2.48564
873  -2.3546
874  -2.30468
875  -2.41965
876  -2.26645
877  -2.23276
878  -2.2102
879  -2.14728
880  -2.15378
881  -2.0672
882  -2.31798
883  -2.39139
884  -2.37109
885  -2.26544
886  -2.18448
887  -2.20314
888  -2.24654
889  -1.92315
890  -2.1669
891  -2.24442
892  -2.24846
893  -2.2745
894  -2.18115
895  -2.20256
896  -2.11208
897  -2.03965
898  -2.16926
899  -2.24907
900  -2.17908
901  -2.27135
902  -2.17312
903  -2.19278
904  -2.16973
905  -1.99768
906  -2.08131
907  -2.05792
908  -2.08738
909  -1.97501
910  -2.05406
911  -2.00035
912  -1.99841
913  -2.11569
914  -1.94302
915  -1.93484
916  -2.05661
917  -2.2335
918  -2.18634
919  -2.05016
920  -2.06836
921  -2.03397
922  -2.09544
923  -1.84444
924  -1.9248
925  -1.96288
926  -1.846
927  -1.99046
928  -1.98552
929  -1.90353
930  -1.98107
931  -1.76581
932  -1.88864
933  -1.87516
934  -1.90739
935  -2.02819
936  -1.92591
937  -1.82058
938  -1.91493
939  -1.90513
940  -1.86873
941  -1.84453
942  -1.63516
943  -1.76028
944  -1.82685
945  -1.68222
946  -1.8095
947  -1.7586
948  -1.87772
949  -1.74686
950  -1.67835
951  -1.67569
952  -1.8556
953  -1.78682
954  -1.84449
955  -1.64926
956  -1.858
957  -1.75731
958  -1.72072
959  -1.69674
960  -1.65986
961  -1.79773
962  -1.90094
963  -1.73981
964  -1.77743
965  -1.80123
966  -1.8302
967  -1.62852
968  -1.51061
969  -1.72228
970  -1.80649
971  -1.9054
972  -1.68539
973  -1.54529
974  -1.67985
975  -1.64782
976  -1.62593
977  -1.5333
978  -1.58039
979  -1.59048
980  -1.67747
981  -1.47285
982  -1.50935
983  -1.61001
984  -1.61187
985  -1.66798
986  -1.67097
987  -1.65409
988  -1.56302
989  -1.51127
990  -1.61613
991  -1.55074
992  -1.66529
993  -1.52149
994  -1.62254
995  -1.59245
996  -1.64818
997  -1.61652
998  -1.64332
999  -1.49738
1000  -1.57289
1001  -1.55127
1002  -1.43266
1003  -1.54935
1004  -1.63694
1005  -1.49328
1006  -1.66744
1007  -1.65651
1008  -1.49334
1009  -1.49451
1010  -1.54916
1011  -1.3655
1012  -1.56873
1013  -1.35521
1014  -1.49343
1015  -1.35503
1016  -1.59688
1017  -1.42612
1018  -1.44856
1019  -1.61881
1020  -1.44395
1021  -1.56813
1022  -1.43834
1023  -1.54455
1024  -1.53925
1025  -1.3794
1026  -1.39512
1027  -1.44165
1028  -1.41747
1029  -1.38007
1030  -1.28809
1031  -1.37012
1032  -1.4877
1033  -1.37987
1034  -1.28768
1035  -1.40695
1036  -1.44216
1037  -1.26224
1038  -1.39462
1039  -1.21444
1040  -1.43487
1041  -1.39098
1042  -1.35727
1043  -1.27596
1044  -1.38515
1045  -1.20288
1046  -1.23386
1047  -1.17017
1048  -1.2448
1049  -1.19048
1050  -1.24965
1051  -1.34984
1052  -1.33378
1053  -1.14226
1054  -1.22874
1055  -1.17028
1056  -1.21674
1057  -1.2302
1058  -1.32745
1059  -1.10471
1060  -1.22741
1061  -1.10127
1062  -1.14159
1063  -1.09053
1064  -1.02339
1065  -1.02821
1066  -0.915116
1067  -0.988402
1068  -1.04776
1069  -1.00346
1070  -1.02214
1071  -1.16881
1072  -1.0584
1073  -1.12367
1074  -1.10679
1075  -1.04253
1076  -1.06383
1077  -1.02179
1078  -0.880641
1079  -0.89997
1080  -1.08088
1081  -1.09592
1082  -0.926042
1083  -1.05234
1084  -1.00876
1085  -0.933366
1086  -0.92463
1087  -1.06846
1088  -0.884982
1089  -0.988934
1090  -0.863273
1091  -0.904368
1092  -0.916736
1093  -1.04785
1094  -1.03098
1095  -0.869104
1096  -0.86561
1097  -0.991636
1098  -0.99102
1099  -0.971
1100  -1.02836
1101  -1.10047
1102  -0.898271
1103  -0.826755
1104  -0.983396
1105  -1.07059
1106  -0.926692
1107  -1.0419
1108  -1.03404
1109  -0.939816
1110  -0.931888
1111  -1.15391
1112  -1.28066
1113  -1.00603
1114  -1.11097
1115  -0.983241
1116  -1.07254
1117  -1.23602
1118  -1.09855
1119  -1.16482
1120  -1.31946
1121  -1.05037
1122  -1.1081
1123  -1.07241
1124  -0.994901
1125  -1.01369
1126  -1.11988
1127  -1.06024
1128  -1.06272
1129  -1.05578
1130  -1.06213
1131  -0.853023
1132  -1.00454
1133  -1.03978
1134  -1.08842
1135  -1.08253
1136  -0.988735
1137  -0.949432
1138  -0.785663
1139  -0.825021
1140  -0.905806
1141  -0.931024
1142  -0.715687
1143  -0.784284
1144  -0.922827
1145  -0.984697
1146  -0.872214
1147  -0.859787
1148  -0.765638
1149  -0.956216
1150  -0.85357
1151  -0.881462
1152  -0.961049
1153  -0.79991
1154  -0.960019
1155  -0.761575
1156  -0.9425
1157  -0.948158
1158  -0.791835
1159  -0.935024
1160  -0.996638
1161  -0.976044
1162  -0.705841
1163  -0.654531
1164  -0.82994
1165  -0.769253
1166  -0.794198
1167  -0.805537
1168  -0.844612
1169  -0.757258
1170  -0.752944
1171  -0.959332
1172  -0.89222
1173  -0.965833
1174  -0.836817
1175  -0.906779
1176  -0.85261
1177  -0.800949
1178  -0.987887
1179  -0.820352
1180  -0.784301
1181  -0.892366
1182  -0.991671
1183  -1.05955
1184  -0.956939
1185  -1.10467
1186  -0.971987
1187  -0.929637
1188  -0.965256
1189  -1.01097
1190  -1.07934
1191  -0.960281
1192  -1.01268
1193  -0.982896
1194  -0.841284
1195  -0.899366
1196  -1.03057
1197  -1.04114
1198  -1.05744
1199  -1.13259
1200  -1.18609
1201  -1.36592
1202  -1.15853
1203  -1.16767
1204  -0.981854
1205  -0.963294
1206  -0.969607
1207  -1.0151
1208  -0.982592
1209  -1.08926
1210  -1.04019
1211  -1.28688
1212  -1.07678
1213  -1.15004
1214  -1.3095
1215  -1.09425
1216  -1.10478
1217  -1.09579
1218  -1.20709
1219  -1.3786
1220  -1.27673
1221  -1.41287
1222  -1.17188
1223  -1.27482
1224  -1.12557
1225  -1.20761
1226  -1.29068
1227  -1.38808
1228  -1.43988
1229  -1.42992
1230  -1.46085
1231  -1.55519
1232  -1.48653
1233  -1.54434
1234  -1.62218
1235  -1.50232
1236  -1.60111
1237  -1.69581
1238  -1.44113
1239  -1.41409
1240  -1.7528
1241  -1.82298
1242  -1.72324
1243  -1.80591
1244  -1.84073
1245  -1.71993
1246  -1.78366
1247  -1.87852
1248  -1.8319
1249  -1.83602
1250  -1.79187
1251  -1.73777
1252  -2.00269
1253  -1.99306
1254  -2.15991
1255  -1.97817
1256  -1.91925
1257  -2.14431
1258  -2.01604
1259  -2.11947
1260  -2.01099
1261  -2.16272
1262  -2.28523
1263  -2.33667
1264  -2.47864
1265  -2.23716
1266  -2.70863
1267  -2.40246
1268  -2.72198
1269  -2.69537
1270  -2.61357
1271  -2.70228
1272  -2.81322
1273  -2.88036
1274  -2.66269
1275  -2.97016
1276  -2.82853
1277  -3.18102
1278  -3.09181
1279  -3.16884
1280  -3.24661
1281  -3.4318
1282  -3.50183
1283  -3.35483
1284  -3.34204
1285  -3.59752
1286  -3.70209
1287  -3.79857
1288  -4.0144
1289  -4.00614
1290  -3.98459
1291  -4.10239
1292  -4.31634
1293  -4.3913
1294  -4.3755
1295  -4.58102
1296  -4.46637
1297  -4.67618
1298  -4.89767
1299  -4.88651
1300  -5.1356
1301  -5.18106
1302  -5.15686
1303  -5.31905
1304  -5.60653
1305  -5.64051
1306  -5.7725
1307  -5.84064
1308  -6.09996
1309  -6.35316
1310  -6.61207
1311  -6.71123
1312  -6.87374
1313  -7.20763
1314  -7.5227
1315  -7.68637
1316  -7.94703
1317  -8.3186
1318  -8.44316
1319  -8.72695
1320  -8.9863
1321  -9.66761
1322  -9.88777
1323  -10.2316
1324  -10.7408
1325  -11.0406
1326  -11.3996
1327  -11.9653
1328  -12.2931
1329  -12.7214
1330  -13.3232
1331  -13.7757
1332  -14.2056
1333  -14.7573
1334  -15.1347
1335  -15.7684
1336  -16.0473
1337  -16.5561
1338  -17.0344
1339  -17.6776
1340  -18.0982
1341  -18.5856
1342  -19.1714
1343  -19.7021
1344  -20.3246
1345  -20.8486
1346  -21.4492
1347  -22.0045
1348  -22.5209
1349  -23.09
1350  -23.5353
1351  -24.2531
1352  -25.0807
1353  -25.8132
1354  -26.3415
1355  -27.0168
1356  -27.8552
1357  -28.4737
1358  -29.172
1359  -29.8057
1360  -30.2519
1361  -30.6825
1362  -30.8792
1363  -31.0244
1364  -31.2213
1365  -31.2417
1366  -31.255
1367  -31.1119
1368  -30.7847
1369  -30.4473
1370  -30.1138
1371  -29.4576
1372  -29.2358
1373  -28.9192
1374  -28.3621
1375  -27.6442
1376  -27.2947
1377  -26.6802
1378  -26.0862
1379  -25.516
1380  -24.8595
1381  -24.4538
1382  -23.6891
1383  -23.4376
1384  -22.9054
1385  -22.566
1386  -22.1469
1387  -21.8364
1388  -21.6923
1389  -21.3212
1390  -21.1905
1391  -20.9817
1392  -21.0437
1393  -20.9269
1394  -20.5921
1395  -20.3913
1396  -20.5833
1397  -20.4301
1398  -20.1968
1399  -20.3749
1400  -20.4215
1401  -20.343
1402  -20.3787
1403  -20.6198
1404  -20.889
1405  -21.0558
1406  -21.204
1407  -21.3873
1408  -21.6591
1409  -21.7198
1410  -21.6733
1411  -21.9937
1412  -22.1994
1413  -22.1997
1414  -22.4562
1415  -22.5173
1416  -22.9156
1417  -23.303
1418  -23.5446
1419  -23.5574
1420  -23.8355
1421  -24.0015
1422  -24.2438
1423  -24.2676
1424  -24.4809
1425  -24.5443
1426  -24.863
1427  -24.9593
1428  -24.9928
1429  -25.2774
1430  -25.3989
1431  -25.5856
1432  -25.574
1433  -25.6944
1434  -25.7502
1435  -25.5696
1436  -25.4609
1437  -25.5297
1438  -25.6193
1439  -25.813
1440  -25.8107
1441  -25.5358
1442  -25.3804
1443  -25.5144
1444  -25.6473
1445  -25.4114
1446  -25.5984
1447  -25.6391
1448  -25.5897
1449  -25.5512
1450  -25.5496
1451  -25.5363
1452  -25.4462
1453  -25.2878
1454  -25.2446
1455  -25.1263
1456  -25.1539
1457  -24.8791
1458  -24.9549
1459  -24.8422
1460  -24.8969
1461  -24.8097
1462  -24.6987
1463  -24.7843
1464  -24.5476
1465  -24.4974
1466  -24.6244
1467  -24.4313
1468  -24.3941
1469  -24.3179
1470  -24.2753
1471  -24.4174
1472  -24.2773
1473  -24.1145
1474  -23.9871
1475  -23.9389
1476  -23.7553
1477  -23.6461
1478  -23.7143
1479  -23.6341
1480  -23.4207
1481  -23.4947
1482  -23.323
1483  -22.9381
1484  -22.862
1485  -22.8708
1486  -22.8979
1487  -22.8135
1488  -22.7571
1489  -22.5346
1490  -22.7234
1491  -22.7097
1492  -22.6343
1493  -22.3935
1494  -22.3606
1495  -22.2674
1496  -22.0674
1497  -21.8713
1498  -21.9165
1499  -21.835
1500  -21.8104
1501  -21.9234
1502  -21.843
1503  -21.9463
1504  -21.7792
1505  -21.861
1506  -21.7702
1507  -21.3886
1508  -21.2398
1509  -21.2803
1510  -21.0164
1511  -21.1716
1512  -21.0665
1513  -21.2464
1514  -21.2814
1515  -21.0793
1516  -20.9137
1517  -20.7209
1518  -20.7149
1519  -20.7962
1520  -20.79
1521  -20.8008
1522  -21.0084
1523  -20.6609
1524  -20.3862
1525  -20.215
1526  -20.3337
1527  -20.181
1528  -20.1546
1529  -20.2172
1530  -20.0531
1531  -19.9579
1532  -20.0707
1533  -19.9974
1534  -20.0497
1535  -20.0423
1536  -19.8146
1537  -19.8011
1538  -19.7283
1539  -19.6392
1540  -19.5463
1541  -19.5659
1542  -19.7099
1543  -19.7005
1544  -19.5687
1545  -19.4702
1546  -19.2893
1547  -19.4202
1548  -19.3698
1549  -19.3262
1550  -19.2797
1551  -19.2207
1552  -19.1459
1553  -18.8533
1554  -18.7402
1555  -18.6908
1556  -18.7351
1557  -18.954
1558  -18.7799
1559  -18.5496
1560  -18.5755
1561  -18.6249
1562  -18.6724
1563  -18.4571
1564  -18.4818
1565  -18.424
1566  -18.3586
1567  -18.3519
1568  -18.2864
1569  -18.3376
1570  -18.0756
1571  -18.1098
1572  -18.0964
1573  -18.1075
1574  -18.0478
1575  -17.8798
1576  -17.7371
1577  -17.7707
1578  -17.7257
1579  -17.4473
1580  -17.6189
1581  -17.5972
1582  -17.6505
1583  -17.5657
1584  -17.5894
1585  -17.5604
1586  -17.4264
1587  -17.5018
1588  -17.3443
1589  -17.1528
1590  -17.0683
1591  -17.149
1592  -17.1188
1593  -17.3006
1594  -17.1447
1595  -17.2098
1596  -16.95
1597  -16.7563
1598  -16.9447
1599  -16.8408
1600  -16.6771
1601  -16.8173
1602  -16.938
1603  -16.7834
1604  -16.6218
1605  -16.5943
1606  -16.8368
1607  -16.7865
1608  -16.7958
1609  -16.7666
1610  -16.8009
1611  -16.7247
1612  -16.5867
1613  -16.5816
1614  -16.6119
1615  -16.7986
1616  -16.883
1617  -16.5094
1618  -16.2732
1619  -16.442
1620  -16.5247
1621  -16.489
1622  -16.3639
1623  -16.2423
1624  -16.0847
1625  -16.1054
1626  -16.0095
1627  -16.198
1628  -16.024
1629  -15.8788
1630  -15.8281
1631  -15.9222
1632  -15.8806
1633  -15.9945
1634  -15.9182
1635  -15.6752
1636  -15.7277
1637  -15.7235
1638  -15.7189
1639  -15.5153
1640  -15.4914
1641  -15.506
1642  -15.5265
1643  -15.5787
1644  -15.5114
1645  -15.5399
1646  -15.6896
1647  -15.6293
1648  -15.4963
1649  -15.504
1650  -15.5712
1651  -15.599
1652  -15.3873
1653  -15.5099
1654  -15.5003
1655  -15.5204
1656  -15.4091
1657  -15.2118
1658  -15.2409
1659  -15.1808
1660  -15.3474
1661  -15.1373
1662  -15.126
1663  -14.9557
1664  -14.9085
1665  -15.0039
1666  -15.0681
1667  -14.9582
1668  -14.9194
1669  -14.8248
1670  -14.833
1671  -14.743
1672  -14.876
1673  -14.5741
1674  -14.5221
1675  -14.6374
1676  -14.4804
1677  -14.6374
1678  -14.7361
1679  -14.7771
1680  -14.6577
1681  -14.4771
1682  -14.6861
1683  -14.4422
1684  -14.6669
1685  -14.4478
1686  -14.4825
1687  -14.3064
1688  -14.2722
1689  -14.3307
1690  -14.0712
1691  -14.0488
1692  -14.1819
1693  -14.4129
1694  -14.4802
1695  -14.3364
1696  -14.3258
1697  -14.2374
1698  -14.5045
1699  -14.394
1700  -14.5363
1701  -14.4632
1702  -14.1455
1703  -14.16
1704  -14.2526
1705  -14.1376
1706  -14.012
1707  -14.1971
1708  -13.9236
1709  -13.8918
1710  -13.6937
1711  -13.8851
1712  -14.1036
1713  -14.05
1714  -13.8875
1715  -13.9768
1716  -13.8072
1717  -13.7767
1718  -13.806
1719  -13.7082
1720  -13.5191
1721  -13.5986
1722  -13.7918
1723  -13.9074
1724  -13.7322
1725  -13.7796
1726  -13.766
1727  -13.7612
1728  -13.6591
1729  -13.6458
1730  -13.5856
1731  -13.5911
1732  -13.4297
1733  -13.4779
1734  -13.4016
1735  -13.3914
1736  -13.5685
1737  -13.3351
1738  -13.1934
1739  -13.369
1740  -13.326
1741  -13.3502
1742  -13.2309
1743  -13.319
1744  -13.2587
1745  -13.2459
1746  -13.1523
1747  -13.3247
1748  -13.1001
1749  -13.0033
1750  -13.055
1751  -13.1123
1752  -13.1015
1753  -13.13
1754  -13.2446
1755  -13.2345
1756  -13.0233
1757  -13.0267
1758  -13.0007
1759  -13.1471
1760  -13.0606
1761  -13.0537
1762  -12.8823
1763  -12.9446
1764  -12.8157
1765  -12.858
1766  -12.8648
1767  -12.7903
1768  -12.9801
1769  -12.9687
1770  -12.916
1771  -13.1112
1772  -13.0622
1773  -13.1203
1774  -13.1819
1775  -13.2159
1776  -13.0137
1777  -13.0511
1778  -12.8741
1779  -12.8381
1780  -12.9117
1781  -12.6111
1782  -12.7345
1783  -12.9625
1784  -12.9843
1785  -12.8138
1786  -12.7268
1787  -12.8666
1788  -12.7452
1789  -12.679
1790  -12.5134
1791  -12.5275
1792  -12.4855
1793  -12.5106
1794  -12.6067
1795  -12.4944
1796  -12.4307
1797  -12.5025
1798  -12.5229
1799  -12.4438
1800  -12.6007
1801  -12.494
1802  -12.4019
1803  -12.4745
1804  -12.4795
1805  -12.5687
1806  -12.6546
1807  -12.5296
1808  -12.3837
1809  -12.2391
1810  -12.2104
1811  -12.2949
1812  -12.3146
1813  -12.26
1814  -12.3546
1815  -12.323
1816  -12.2538
1817  -12.2097
1818  -12.2473
1819  -12.0819
1820  -11.989
1821  -12.0297
1822  -12.1496
1823  -12.1535
1824  -12.1025
1825  -12.1542
1826  -12.0198
1827  -12.2099
1828  -12.0162
1829  -11.9823
1830  -11.8607
1831  -11.9116
1832  -11.8911
1833  -11.9096
1834  -11.7055
1835  -11.7705
1836  -11.948
1837  -12.0703
1838  -11.9641
1839  -11.7195
1840  -11.6587
1841  -11.8487
1842  -11.6295
1843  -11.6074
1844  -11.7465
1845  -11.8256
1846  -11.9659
1847  -11.7212
1848  -11.7285
1849  -11.7244
1850  -11.7361
1851  -11.7186
1852  -11.5696
1853  -11.473
1854  -11.6204
1855  -11.7037
1856  -11.4887
1857  -11.5597
1858  -11.4874
1859  -11.5066
1860  -11.6262
1861  -11.7224
1862  -11.5484
1863  -11.5637
1864  -11.4672
1865  -11.5543
1866  -11.5131
1867  -11.436
1868  -11.6404
1869  -11.5878
1870  -11.3158
1871  -11.3187
1872  -11.3247
1873  -11.4599
1874  -11.4016
1875  -11.5061
1876  -11.3606
1877  -11.3768
1878  -11.4194
1879  -11.2692
1880  -11.3397
1881  -11.5189
1882  -11.4769
1883  -11.2266
1884  -11.2299
1885  -11.1651
1886  -11.1582
1887  -11.1191
1888  -11.1087
1889  -11.1854
1890  -11.2295
1891  -11.1524
1892  -11.0948
1893  -10.9317
1894  -11.002
1895  -10.9764
1896  -10.9611
1897  -11.0664
1898  -11.0675
1899  -10.9459
1900  -10.9749
1901  -10.8661
1902  -10.9937
1903  -11.1568
1904  -10.9845
1905  -10.8584
1906  -10.8579
1907  -10.9168
1908  -11.0766
1909  -11.0707
1910  -10.8279
1911  -10.8814
1912  -10.7941
1913  -10.8803
1914  -10.9642
1915  -11.0779
1916  -11.1608
1917  -10.8884
1918  -10.7491
1919  -10.7484
1920  -10.8849
1921  -10.7268
1922  -10.7377
1923  -10.8539
1924  -10.6955
1925  -10.6013
1926  -10.647
1927  -10.658
1928  -10.514
1929  -10.5338
1930  -10.4444
1931  -10.5048
1932  -10.6259
1933  -10.5787
1934  -10.467
1935  -10.4486
1936  -10.3825
1937  -10.5866
1938  -10.375
1939  -10.4348
1940  -10.3774
1941  -10.2595
1942  -10.2538
1943  -10.2613
1944  -10.1336
1945  -10.2105
1946  -9.98421
1947  -10.0715
1948  -9.94135
1949  -10.0552
1950  -9.90725
1951  -9.90308
1952  -9.86167
1953  -9.98457
1954  -10.0062
1955  -10.0275
1956  -10.0655
1957  -9.94217
1958  -9.93874
1959  -9.9194
1960  -10.0078
1961  -10.0759
1962  -10.0693
1963  -9.96903
1964  -9.80848
1965  -9.81828
1966  -9.78093
1967  -9.96389
1968  -9.71891
1969  -9.6644
1970  -9.80676
1971  -9.75325
1972  -9.59905
1973  -9.64884
1974  -9.7489
1975  -9.69356
1976  -9.77555
1977  -9.70955
1978  -9.68233
1979  -9.68254
1980  -9.58873
1981  -9.43816
1982  -9.40667
1983  -9.47293
1984  -9.36647
1985  -9.29348
1986  -9.50325
1987  -9.44088
1988  -9.49002
1989  -9.42605
1990  -9.28336
1991  -9.39719
1992  -9.59444
1993  -9.47046
1994  -9.2233
1995  -9.48117
1996  -9.36373
1997  -9.34456
1998  -9.21333
1999  -9.29016
2000  -9.23263
2001  -9.41345
2002  -9.46223
2003  -9.31435
2004  -9.04329
2005  -9.11095
2006  -9.3543
2007  -9.34655
2008  -9.07996
2009  -9.02203
2010  -9.00491
2011  -9.17609
2012  -9.07907
2013  -9.08156
2014  -8.97604
2015  -9.12901
2016  -9.17262
2017  -8.83995
2018  -8.8704
2019  -9.01897
2020  -8.88643
2021  -8.93796
2022  -8.93744
2023  -8.94502
2024  -9.01039
2025  -9.01765
2026  -8.89804
2027  -9.09053
2028  -8.97743
2029  -8.98712
2030  -8.85891
2031  -8.73357
2032  -8.87128
2033  -8.94138
2034  -9.00272
2035  -8.88417
2036  -8.62239
2037  -8.81042
2038  -8.86443
2039  -8.72232
2040  -8.54503
2041  -8.43839
2042  -8.39968
2043  -8.48981
2044  -8.50371
2045  -8.50518
2046  -8.67816
2047  -8.70143
2048  -8.69247
2049  -8.61465
2050  -8.57176
2051  -8.44636
2052  -8.55032
2053  -8.27671
2054  -8.48245
2055  -8.46744
2056  -8.47954
2057  -8.36729
2058  -8.42383
2059  -8.44692
2060  -8.46651
2061  -8.47281
2062  -8.42043
2063  -8.26445
2064  -8.33706
2065  -8.25224
2066  -8.28262
2067  -8.15936
2068  -8.27463
2069  -8.43916
2070  -8.24335
2071  -8.26323
2072  -8.32119
2073  -8.19382
2074  -8.17475
2075  -8.24753
2076  -8.03149
2077  -8.18178
2078  -8.21025
2079  -7.89382
2080  -7.98516
2081  -8.22722
2082  -7.95817
2083  -7.84612
2084  -8.04252
2085  -8.13484
2086  -8.01912
2087  -8.02402
2088  -7.99375
2089  -7.83427
2090  -7.88225
2091  -7.8071
2092  -7.86174
2093  -7.9175
2094  -7.98594
2095  -7.83964
2096  -7.89687
2097  -7.94031
2098  -8.03163
2099  -7.88927
2100  -7.74284
2101  -7.77184
2102  -7.84515
2103  -7.88048
2104  -7.94469
2105  -7.756
2106  -7.94085
2107  -7.97631
2108  -7.96277
2109  -7.71461
2110  -7.78054
2111  -7.77723
2112  -7.76261
2113  -7.89464
2114  -7.87381
2115  -7.88641
2116  -7.74207
2117  -7.85103
2118  -7.94129
2119  -7.9759
2120  -7.93064
2121  -7.8866
2122  -8.0171
2123  -7.88847
2124  -7.99969
2125  -7.94315
2126  -8.04891
2127  -7.88541
2128  -7.75005
2129  -7.66976
2130  -7.76685
2131  -7.83744
2132  -7.71483
2133  -7.74178
2134  -7.56078
2135  -7.66946
2136  -7.86378
2137  -7.79465
2138  -7.72689
2139  -7.70361
2140  -7.75089
2141  -7.61914
2142  -7.71591
2143  -7.70837
2144  -7.65408
2145  -7.66859
2146  -7.72437
2147  -7.7173
2148  -7.64067
2149  -7.76657
2150  -7.68408
2151  -7.63678
2152  -7.75153
2153  -7.73075
2154  -7.84442
2155  -7.88116
2156  -7.84981
2157  -7.67908
2158  -7.83226
2159  -7.77381
2160  -7.9886
2161  -7.84778
2162  -7.78504
2163  -7.80173
2164  -7.76306
2165  -7.67983
2166  -7.75104
2167  -7.88444
2168  -7.73847
2169  -7.7109
2170  -7.55586
2171  -7.68879
2172  -7.66114
2173  -7.68675
2174  -7.88841
2175  -7.7387
2176  -7.84333
2177  -7.79357
2178  -7.72995
2179  -7.77825
2180  -7.90668
2181  -7.8116
2182  -8.00282
2183  -7.76433
2184  -7.80926
2185  -7.88044
2186  -8.15176
2187  -8.10868
2188  -8.08389
2189  -8.02354
2190  -8.07511
2191  -7.89088
2192  -8.17414
2193  -8.09512
2194  -8.01351
2195  -8.20901
2196  -8.17168
2197  -8.0647
2198  -8.20222
2199  -8.23972
2200  -8.26438
2201  -8.20629
2202  -8.00407
2203  -7.94942
2204  -7.95475
2205  -8.04465
2206  -7.98261
2207  -7.97471
2208  -7.85447
2209  -7.94731
2210  -8.05295
2211  -8.02827
2212  -8.1082
2213  -8.00469
2214  -8.03842
2215  -8.11791
2216  -8.07566
2217  -8.08753
2218  -8.01632
2219  -7.98682
2220  -8.15422
2221  -8.45531
2222  -8.12072
2223  -7.9582
2224  -8.02761
2225  -7.95893
2226  -7.97715
2227  -8.08557
2228  -8.24006
2229  -8.18486
2230  -8.24604
2231  -8.28258
2232  -8.34189
2233  -8.2057
2234  -8.12815
2235  -8.15044
2236  -7.92476
2237  -8.13845
2238  -8.24381
2239  -8.2697
2240  -8.06886
2241  -8.19199
2242  -8.21739
2243  -8.15706
2244  -8.27936
2245  -8.26635
2246  -8.33016
2247  -8.53114
2248  -8.56182
2249  -8.28784
2250  -8.23715
2251  -8.24636
2252  -8.28023
2253  -8.39988
2254  -8.39213
2255  -8.2079
2256  -8.41538
2257  -8.52104
2258  -8.41054
2259  -8.29623
2260  -8.2291
2261  -8.37093
2262  -8.27015
2263  -8.22217
2264  -8.32937
2265  -8.47817
2266  -8.49605
2267  -8.47736
2268  -8.46813
2269  -8.66626
2270  -8.54344
2271  -8.63881
2272  -8.75195
2273  -8.72559
2274  -8.50769
2275  -8.64618
2276  -8.44096
2277  -8.50657
2278  -8.5407
2279  -8.559
2280  -8.59745
2281  -8.61961
2282  -8.51417
2283  -8.60003
2284  -8.4918
2285  -8.59695
2286  -8.62646
2287  -8.50486
2288  -8.50555
2289  -8.55507
2290  -8.65203
2291  -8.55055
2292  -8.6641
2293  -8.48743
2294  -8.58117
2295  -8.6452
2296  -8.7827
2297  -8.61787
2298  -8.50499
2299  -8.54893
2300  -8.56625
2301  -8.55905
2302  -8.53941
2303  -8.56765
2304  -8.59053
2305  -8.7092
2306  -8.82088
2307  -8.7176
2308  -8.9122
2309  -8.89995
2310  -8.91274
2311  -8.82899
2312  -8.713
2313  -8.6385
2314  -8.73278
2315  -8.64744
2316  -8.69915
2317  -8.59398
2318  -8.75069
2319  -8.73239
2320  -8.82546
2321  -8.60753
2322  -8.66009
2323  -8.54857
2324  -8.71334
2325  -8.88606
2326  -8.54944
2327  -8.652
2328  -8.67395
2329  -8.58853
2330  -8.63424
2331  -8.84522
2332  -8.63901
2333  -8.78481
2334  -8.87079
2335  -8.72206
2336  -8.75589
2337  -8.75853
2338  -8.62342
2339  -8.90167
2340  -8.79483
2341  -8.6026
2342  -8.61768
2343  -8.74202
2344  -9.02343
2345  -9.03133
2346  -8.96739
2347  -8.7405
2348  -8.70067
2349  -8.84028
2350  -8.8133
2351  -8.95436
2352  -8.83049
2353  -8.55843
2354  -8.77019
2355  -8.81586
2356  -8.88293
2357  -8.82399
2358  -8.80814
2359  -8.85922
2360  -8.791
2361  -8.62103
2362  -8.69099
2363  -8.76618
2364  -8.81583
2365  -8.66327
2366  -8.64932
2367  -8.62312
2368  -8.69808
2369  -8.83647
2370  -8.77991
2371  -8.58327
2372  -8.65046
2373  -8.59114
2374  -8.61397
2375  -8.52975
2376  -8.59064
2377  -8.63351
2378  -8.54388
2379  -8.63783
2380  -8.8066
2381  -8.82542
2382  -8.79945
2383  -8.82918
2384  -8.78765
2385  -8.71391
2386  -8.59046
2387  -8.63291
2388  -8.69155
2389  -8.50205
2390  -8.64444
2391  -8.63828
2392  -8.62663
2393  -8.74621
2394  -8.85163
2395  -8.78008
2396  -8.82378
2397  -8.67521
2398  -8.5701
2399  -8.66006
2400  -8.44718
2401  -8.44658
2402  -8.53218
2403  -8.43113
2404  -8.41762
2405  -8.46691
2406  -8.53595
2407  -8.63186
2408  -8.61167
2409  -8.56725
2410  -8.52949
2411  -8.50009
2412  -8.38353
2413  -8.5566
2414  -8.61363
2415  -8.58706
2416  -8.5557
2417  -8.38696
2418  -8.20212
2419  -8.32141
2420  -8.37865
2421  -8.54248
2422  -8.54949
2423  -8.46799
2424  -8.35163
2425  -8.37096
2426  -8.2959
2427  -8.19657
2428  -8.29755
2429  -8.24931
2430  -8.24079
2431  -8.12781
2432  -8.41157
2433  -8.29122
2434  -8.20904
2435  -8.33511
2436  -8.54202
2437  -8.39675
2438  -8.23946
2439  -8.33088
2440  -8.38161
2441  -8.34511
2442  -8.23142
2443  -8.31709
2444  -8.4332
2445  -8.43061
2446  -8.31755
2447  -8.29669
2448  -8.46047
2449  -8.51717
2450  -8.34829
2451  -8.4966
2452  -8.50746
2453  -8.27512
2454  -8.40655
2455  -8.46687
2456  -8.35109
2457  -8.37832
2458  -8.34394
2459  -8.38946
2460  -8.37416
2461  -8.37937
2462  -8.25088
2463  -8.42248
2464  -8.44663
2465  -8.58167
2466  -8.38383
2467  -8.35072
2468  -8.33655
2469  -8.24675
2470  -8.34806
2471  -8.2812
2472  -8.11684
2473  -8.23146
2474  -8.18599
2475  -8.10925
2476  -7.9627
2477  -8.06084
2478  -8.07167
2479  -7.94919
2480  -8.21033
2481  -8.11156
2482  -8.20039
2483  -8.31632
2484  -8.24256
2485  -8.39168
2486  -8.05796
2487  -8.08103
2488  -8.14954
2489  -7.96596
2490  -8.21542
2491  -8.12609
2492  -8.12056
2493  -8.16619
2494  -8.37307
2495  -8.24835
2496  -7.99402
2497  -7.75459
2498  -7.97352
2499  -8.0705
2500  -8.0095
2501  -8.0527
2502  -8.01976
2503  -8.10382
2504  -8.07065
2505  -7.92801
2506  -8.01437
2507  -8.02544
2508  -7.99821
2509  -8.12851
2510  -8.15114
2511  -8.05515
2512  -8.00374
2513  -7.81974
2514  -7.94223
2515  -7.69811
2516  -7.88788
2517  -8.15038
2518  -7.97182
2519  -7.97959
2520  -8.08474
2521  -7.97741
2522  -7.99028
2523  -7.9428
2524  -8.06534
2525  -8.07276
2526  -8.2944
2527  -8.01125
2528  -8.02882
2529  -8.04048
2530  -7.91929
2531  -8.06282
2532  -8.07089
2533  -7.83568
2534  -7.71545
2535  -7.88356
2536  -7.78388
2537  -7.84392
2538  -7.75098
2539  -7.86633
2540  -7.90853
2541  -7.84916
2542  -7.75259
2543  -7.71736
2544  -7.86279
2545  -7.74011
2546  -7.77097
2547  -7.79915
2548  -7.67242
2549  -7.76739
2550  -7.78128
2551  -7.85211
2552  -7.73641
2553  -7.70282
2554  -7.76768
2555  -7.58638
2556  -7.63395
2557  -7.89034
2558  -7.81236
2559  -7.77036
