0  0.245899
1  -0.515833
2  0.0365084
3  -0.251018
4  -0.363018
5  -0.356802
6  0.0961883
7  0.11724
8  0.242536
9  -0.101726
10  0.0693952
11  0.208521
12  0.263515
13  0.0510999
14  -0.0911233
15  0.2477
16  -0.313824
17  -0.0992863
18  0.0110594
19  0.00985594
20  0.0972364
21  -0.0190648
22  0.087554
23  0.0131693
24  -0.0784614
25  0.418816
26  0.0175799
27  0.663495
28  0.585144
29  0.314458
30  -0.245004
31  -0.141216
32  0.211172
33  0.066836
34  -0.211659
35  -0.241365
36  -0.379168
37  -0.423628
38  -0.328243
39  0.149245
40  -0.103403
41  -0.103752
42  -0.221425
43  -0.0799524
44  0.391136
45  0.00513056
46  -0.124474
47  -0.27227
48  -0.422798
49  -0.0417877
50  -0.0652169
51  -0.114571
52  0.23446
53  0.332326
54  -0.152972
55  0.0142922
56  -0.0709954
57  0.0109322
58  0.0402383
59  0.278256
60  0.0696538
61  -0.177005
62  0.270739
63  0.260867
64  0.0781133
65  -0.0884405
66  -0.101508
67  0.178389
68  -0.208701
69  -0.0137893
70  0.061361
71  -0.15114
72  0.250716
73  -0.357788
74  0.0416753
75  -0.129539
76  -0.177476
77  0.178202
78  -0.211607
79  -0.653212
80  -0.179681
81  -0.137396
82  -0.00174364
83  0.311597
84  -0.243224
85  0.57918
86  0.184281
87  0.0722139
88  0.0325785
89  -0.263337
90  0.0551486
91  -0.301833
92  -0.334336
93  -0.0475774
94  -0.0114635
95  0.0161749
96  -0.149013
97  -0.313033
98  -0.30712
99  -0.133221
100  -0.0406797
101  -0.129207
102  -0.153976
103  -0.0658443
104  -0.364069
105  0.112756
106  0.315134
107  -0.167849
108  0.0639678
109  -0.124179
110  -0.111561
111  0.10873
112  0.54354
113  0.197093
114  0.137718
115  0.400422
116  0.00112508
117  0.436445
118  -0.113962
119  0.00372935
120  -0.0686722
121  -0.158604
122  -0.16137
123  0.207165
124  0.294071
125  0.0364158
126  0.1726
127  0.450911
128  -0.0238048
129  -0.0822914
130  0.109292
131  -0.127026
132  -0.341484
133  -0.117649
134  0.379999
135  -0.297063
136  0.0582341
137  -0.0355442
138  0.0870253
139  -0.301314
140  -0.416408
141  0.394331
142  0.301758
143  0.0143635
144  -0.2571
145  -0.0408499
146  -0.0624746
147  0.185362
148  0.296897
149  0.0600439
150  -0.22068
151  0.239369
152  0.251596
153  -0.233109
154  0.161445
155  -0.0505631
156  0.326859
157  0.217266
158  0.368442
159  0.240111
160  0.0243239
161  -0.235104
162  -0.284008
163  0.130167
164  0.122312
165  -0.277315
166  0.291466
167  0.497512
168  0.207699
169  0.149605
170  -0.0191054
171  0.230126
172  0.000302813
173  0.0633551
174  -0.337318
175  -0.145575
176  -0.346776
177  -0.0244453
178  0.32047
179  0.378596
180  0.154536
181  0.29124
182  0.354377
183  0.125287
184  0.0753756
185  0.300585
186  -0.474227
187  0.135435
188  0.331875
189  -0.326084
190  -0.290935
191  0.350066
192  0.0812457
193  -0.211436
194  0.449611
195  0.166006
196  -0.134681
197  -0.15197
198  -0.121902
199  0.100911
200  -0.22202
201  0.20957
202  0.184525
203  0.0550946
204  -0.0514125
205  -0.482034
206  -0.00254875
207  -0.133051
208  0.291715
209  -0.647832
210  -0.0438002
211  -0.265053
212  0.161582
213  -0.540809
214  -0.401775
215  -0.283627
216  0.178914
217  0.360974
218  0.0915257
219  0.104383
220  0.0998011
221  0.065246
222  0.246434
223  0.0466261
224  0.120328
225  -0.0642207
226  -0.375619
227  -0.075866
228  -0.252343
229  -0.334227
230  -0.197252
231  0.648748
232  0.198534
233  0.0914294
234  -0.0342272
235  0.103083
236  0.0923694
237  -0.172435
238  0.0371802
239  0.167943
240  -0.0114318
241  0.429753
242  0.414833
243  0.0341432
244  -0.240033
245  0.053862
246  -0.083681
247  -0.53653
248  -0.0500069
249  -0.201276
250  -0.152393
251  0.115399
252  0.0207285
253  -0.366499
254  0.466955
255  0.0702294
256  0.389471
257  0.479835
258  -0.211167
259  0.0996308
260  0.00976834
261  0.198937
262  0.148519
263  -0.0952733
264  -0.0184293
265  0.0816741
266  0.0872688
267  -0.00888844
268  0.45056
269  0.145541
270  -0.382693
271  -0.314089
272  -0.0194569
273  -0.0725705
274  -0.116774
275  0.40648
276  0.196521
277  -0.0448928
278  -0.495976
279  0.115378
280  -0.346677
281  -0.504436
282  -0.276365
283  -0.140742
284  -0.33084
285  -0.0558778
286  0.380594
287  0.331189
288  0.289808
289  -0.0247282
290  -0.100648
291  -0.423031
292  -0.100724
293  0.36364
294  0.221671
295  -0.256162
296  0.335494
297  -0.152113
298  0.176283
299  0.178428
300  0.145451
301  -0.420669
302  -0.304674
303  -0.177506
304  -0.252601
305  -0.261488
306  -0.202334
307  0.170712
308  0.283088
309  0.0626133
310  0.00798717
311  -0.0144867
312  -0.0126668
313  0.0657664
314  -0.29498
315  0.091421
316  -0.136132
317  0.0169673
318  -0.122757
319  0.0975825
320  0.172147
321  0.277049
322  -0.0636218
323  -0.152078
324  0.181698
325  -0.0113445
326  -0.258392
327  -0.53916
328  -0.0114684
329  0.303387
330  0.245546
331  0.178122
332  0.454743
333  -0.259605
334  0.0400355
335  0.16024
336  -0.169872
337  -0.0490106
338  0.312548
339  -0.123545
340  -0.276444
341  -0.0450286
342  -0.0824257
343  0.277509
344  -0.0784781
345  0.121063
346  -0.0141526
347  0.151235
348  -0.104642
349  0.0154206
350  0.0284693
351  -0.379956
352  0.279877
353  0.152003
354  0.0385977
355  -0.0157907
356  -0.281067
357  -0.0110541
358  0.520733
359  0.113105
360  -0.239752
361  0.0847408
362  0.0839298
363  -0.295028
364  0.1307
365  0.165759
366  0.0523815
367  -0.0729838
368  -0.176177
369  0.173257
370  0.291145
371  0.067191
372  -0.344097
373  -0.0715792
374  -0.0761849
375  0.23415
376  0.150773
377  -0.0622492
378  -0.324158
379  -0.322164
380  -0.411589
381  -0.248788
382  -0.424684
383  0.0402478
384  -0.116991
385  0.105481
386  -0.31581
387  -0.23005
388  0.142605
389  0.328898
390  0.23272
391  0.180621
392  -0.0487309
393  -0.0129311
394  -0.231377
395  -0.153621
396  -0.0288715
397  -0.132985
398  0.102338
399  0.194757
400  -0.634195
401  -0.65952
402  0.0982654
403  0.2931
404  0.349113
405  0.22219
406  0.481949
407  -0.451262
408  -0.538668
409  -0.168311
410  -0.344325
411  0.218397
412  -0.022374
413  -0.0367551
414  0.0597722
415  -0.0215951
416  0.120421
417  -0.171395
418  0.308114
419  0.118771
420  0.0239098
421  -0.310776
422  0.114352
423  0.19695
424  -0.0397825
425  -0.356226
426  -0.0276737
427  -0.0713683
428  -0.158373
429  -0.406466
430  -0.235476
431  -0.01234
432  -0.197169
433  -0.350791
434  -0.000158293
435  0.0338343
436  0.325191
437  -0.24907
438  -0.275438
439  -0.16962
440  0.0825175
441  0.0863671
442  -0.0924724
443  -0.0824509
444  0.0160068
445  -0.343769
446  -0.311229
447  0.16813
448  -0.465126
449  -0.151306
450  0.0436227
451  -0.220128
452  -0.0579697
453  0.254832
454  0.153692
455  0.0789626
456  0.178052
457  0.0262833
458  -0.0340543
459  -0.32064
460  0.190069
461  0.209786
462  -0.317506
463  -0.321818
464  -0.33322
465  0.0566239
466  -0.29456
467  -0.152453
468  0.189716
469  -0.211803
470  -0.269778
471  -0.132848
472  -0.206254
473  -0.0873707
474  -0.28943
475  -0.0519793
476  -0.0760666
477  -0.0385488
478  0.0406578
479  0.0479581
480  -0.257336
481  -0.0848514
482  0.170344
483  -0.126295
484  0.107476
485  -0.183433
486  -0.389339
487  -0.654237
488  -0.664448
489  -1.14579
490  -1.12292
491  -1.4135
492  -0.984857
493  -2.26975
494  -4.05122
495  -10.2373
496  -28.9056
497  -84.2564
498  -229.96
499  -542.093
500  -1064.92
501  -1741.46
502  -2433.13
503  -2997.29
504  -3355.25
505  -3495.17
506  -3432.88
507  -3189.34
508  -2796.87
509  -2309.43
510  -1799.23
511  -1333.54
512  -949.681
513  -659.35
514  -460.089
515  -344.567
516  -298.818
517  -300.941
518  -327.142
519  -355.72
520  -373.199
521  -373.587
522  -355.54
523  -322.26
524  -276.521
525  -227.874
526  -182.894
527  -145.583
528  -116.995
529  -97.1503
530  -86.9666
531  -86.2824
532  -91.793
533  -99.6414
534  -105.282
535  -108.59
536  -109.518
537  -109.072
538  -106.118
539  -100.545
540  -91.995
541  -82.6191
542  -74.1565
543  -68.051
544  -63.4434
545  -60.2917
546  -57.2334
547  -55.9238
548  -55.9309
549  -57.1112
550  -56.9525
551  -56.0713
552  -54.2815
553  -53.0464
554  -52.3022
555  -50.6475
556  -48.5723
557  -45.6279
558  -42.7016
559  -42.0408
560  -42.2709
561  -41.4591
562  -40.0108
563  -38.5552
564  -37.2806
565  -36.2537
566  -36.4434
567  -35.4873
568  -33.6775
569  -31.6487
570  -30.0729
571  -30.1224
572  -30.6554
573  -30.3738
574  -28.8362
575  -27.5215
576  -27.1747
577  -26.5477
578  -25.9541
579  -24.5189
580  -22.4788
581  -19.8642
582  -18.3378
583  -16.1615
584  -14.6273
585  -14.5061
586  -14.9201
587  -16.9919
588  -21.5247
589  -26.5777
590  -32.4218
591  -36.6684
592  -38.5624
593  -39.075
594  -37.196
595  -32.4974
596  -27.4754
597  -21.188
598  -14.4162
599  -9.43101
600  -6.81047
601  -5.84439
602  -6.44867
603  -7.30254
604  -9.59814
605  -12.6727
606  -15.1671
607  -17.1657
608  -18.6629
609  -18.2858
610  -17.3516
611  -16.2157
612  -15.2856
613  -14.2563
614  -12.6564
615  -11.3909
616  -10.4198
617  -9.61498
618  -10.1626
619  -10.3722
620  -10.0181
621  -10.1263
622  -10.2166
623  -10.6789
624  -10.6907
625  -11.1705
626  -11.3909
627  -11.2504
628  -11.6434
629  -12.0267
630  -12.0238
631  -11.5556
632  -10.7547
633  -10.3478
634  -9.38692
635  -8.77363
636  -7.81152
637  -6.68302
638  -5.62891
639  -5.50677
640  -5.43698
641  -6.12763
642  -7.15122
643  -8.14482
644  -8.52085
645  -10.0198
646  -11.0751
647  -11.6596
648  -11.6432
649  -11.379
650  -10.6167
651  -10.5279
652  -10.3746
653  -9.76575
654  -9.51489
655  -8.6835
656  -8.28135
657  -8.61207
658  -8.64201
659  -8.08886
660  -8.24426
661  -7.66329
662  -7.17967
663  -7.42229
664  -6.99072
665  -6.35912
666  -6.57759
667  -6.87182
668  -6.48298
669  -6.89965
670  -7.064
671  -7.60997
672  -7.41881
673  -7.46409
674  -7.36097
675  -6.82969
676  -6.20344
677  -5.45753
678  -4.57321
679  -4.60514
680  -3.86544
681  -3.62026
682  -2.90031
683  -1.63824
684  0.505103
685  2.15684
686  3.66829
687  4.50868
688  4.31447
689  3.14451
690  1.59789
691  -1.08859
692  -4.0797
693  -7.00579
694  -9.03927
695  -10.4532
696  -11.4476
697  -11.1527
698  -10.3513
699  -8.65426
700  -7.38055
701  -5.75135
702  -3.79487
703  -1.59149
704  -0.0958507
705  1.31598
706  1.65983
707  1.11372
708  -1.50691
709  -5.18524
710  -9.70001
711  -14.1498
712  -18.1189
713  -20.5401
714  -21.2727
715  -19.2587
716  -16.0033
717  -11.8781
718  -6.93395
719  -1.81689
720  2.11696
721  4.72736
722  6.0152
723  5.8032
724  4.75514
725  2.4945
726  0.0416868
727  -2.16623
728  -4.17333
729  -4.82999
730  -5.58285
731  -5.96139
732  -4.95908
733  -4.06191
734  -3.06417
735  -2.35236
736  -1.12066
737  -1.06927
738  -0.309028
739  -0.576714
740  -0.776261
741  -1.58688
742  -1.50527
743  -2.07235
744  -2.61859
745  -2.84852
746  -2.56118
747  -2.70384
748  -2.26821
749  -2.45071
750  -2.04799
751  -2.08414
752  -1.82231
753  -1.74329
754  -1.59653
755  -1.77209
756  -1.65314
757  -2.02835
758  -2.59494
759  -2.45255
760  -2.83989
761  -3.04366
762  -2.86368
763  -2.74612
764  -2.30866
765  -2.32229
766  -1.58361
767  -1.64257
768  -1.70427
769  -2.54964
770  -2.42463
771  -2.54798
772  -2.95036
773  -2.46725
774  -2.49876
775  -2.78729
776  -2.75689
777  -2.3898
778  -1.88513
779  -1.88287
780  -1.7145
781  -1.85723
782  -1.68353
783  -1.92835
784  -2.1885
785  -2.10144
786  -1.53043
787  -1.57637
788  -1.8045
789  -1.87078
790  -1.82588
791  -2.00213
792  -1.26706
793  -1.21614
794  -1.66345
795  -1.76764
796  -1.74242
797  -1.39869
798  -1.47219
799  -1.85742
800  -2.32893
801  -2.4722
802  -2.94282
803  -2.63135
804  -2.44093
805  -2.23376
806  -2.62341
807  -2.19069
808  -2.07895
809  -2.03413
810  -1.42404
811  -1.74295
812  -2.06713
813  -2.24801
814  -1.67562
815  -1.73918
816  -1.49102
817  -2.13422
818  -2.0557
819  -2.09729
820  -2.05523
821  -2.3484
822  -2.35032
823  -2.40445
824  -1.96621
825  -2.28123
826  -1.93989
827  -1.9823
828  -2.15248
829  -1.76414
830  -2.04893
831  -2.4001
832  -1.64487
833  -1.50515
834  -1.64504
835  -1.80977
836  -1.72637
837  -1.5863
838  -1.50783
839  -1.04317
840  -0.93907
841  -1.67062
842  -1.28886
843  -1.36566
844  -1.54483
845  -1.7771
846  -1.43012
847  -1.26826
848  -1.43067
849  -1.24727
850  -1.23735
851  -1.15134
852  -0.804003
853  -1.1631
854  -1.30396
855  -1.40474
856  -1.33502
857  -1.85652
858  -1.37987
859  -1.64376
860  -1.52223
861  -1.7563
862  -1.81519
863  -1.85402
864  -1.2024
865  -1.25205
866  -1.54202
867  -1.39947
868  -1.57978
869  -1.24355
870  -1.16453
871  -1.93375
872  -1.29636
873  -1.06533
874  -1.28198
875  -1.34452
876  -1.37511
877  -1.82115
878  -2.26246
879  -2.34497
880  -1.85676
881  -1.65687
882  -1.40484
883  -1.25787
884  -1.47419
885  -1.02481
886  -1.63701
887  -1.67583
888  -1.74103
889  -1.76499
890  -1.58594
891  -2.02706
892  -1.91178
893  -2.02975
894  -1.22813
895  -1.36271
896  -2.07664
897  -1.7459
898  -1.54898
899  -1.79842
900  -1.46981
901  -1.41207
902  -1.43212
903  -2.00336
904  -1.74175
905  -1.50701
906  -1.33009
907  -1.3553
908  -1.66869
909  -1.36341
910  -1.24607
911  -1.31956
912  -1.37707
913  -1.44916
914  -0.96821
915  -0.895303
916  -1.13988
917  -1.37648
918  -1.3889
919  -1.05617
920  -1.66364
921  -1.63609
922  -1.57052
923  -1.70809
924  -1.50087
925  -1.77665
926  -1.36674
927  -1.32326
928  -1.44333
929  -1.1446
930  -0.424466
931  -1.09911
932  -1.34744
933  -1.16652
934  -1.11781
935  -1.04364
936  -0.85378
937  -1.5159
938  -1.54431
939  -1.37524
940  -0.985609
941  -1.1279
942  -1.09618
943  -1.23243
944  -1.24307
945  -1.21086
946  -1.24065
947  -1.42511
948  -1.6176
949  -1.8218
950  -2.51588
951  -1.55858
952  -1.66914
953  -2.25196
954  -2.09542
955  -1.61935
956  -1.8227
957  -1.66863
958  -1.74382
959  -1.48477
960  -1.99333
961  -1.40572
962  -1.20548
963  -1.47085
964  -1.33122
965  -1.31653
966  -1.69567
967  -1.52656
968  -1.15446
969  -1.31183
970  -1.40147
971  -1.22555
972  -0.966126
973  -1.33503
974  -0.764372
975  -0.682191
976  -1.6849
977  -1.4082
978  -1.67413
979  -1.5362
980  -1.01096
981  -1.18469
982  -0.936589
983  -1.28399
984  -1.06267
985  -1.29425
986  -1.80475
987  -1.6622
988  -1.00351
989  -1.05239
990  -1.05604
991  -1.61344
992  -2.09829
993  -1.25698
994  -0.922834
995  -1.22968
996  -1.33971
997  -1.32957
998  -1.33237
999  -1.4457
1000  -1.22659
1001  -1.06701
1002  -0.832075
1003  -0.989766
1004  -1.38246
1005  -1.37125
1006  -0.868968
1007  -1.33946
1008  -1.0093
1009  -1.18753
1010  -1.16455
1011  -2.01492
1012  -1.1665
1013  -1.30861
1014  -1.37682
1015  -1.33849
1016  -1.28961
1017  -1.32024
1018  -1.32888
1019  -1.85162
1020  -1.53161
1021  -1.52575
1022  -1.47306
1023  -1.58969
1024  -1.53033
1025  -1.20632
1026  -1.38963
1027  -1.37155
1028  -1.53263
1029  -1.08832
1030  -1.30057
1031  -1.00576
1032  -1.69847
1033  -1.55185
1034  -1.83499
1035  -1.48319
1036  -1.67751
1037  -1.79995
1038  -1.64844
1039  -1.55692
1040  -1.42591
1041  -1.7388
1042  -2.09582
1043  -2.18476
1044  -2.0989
1045  -2.18335
1046  -2.5917
1047  -2.55124
1048  -2.34766
1049  -2.51096
1050  -2.27217
1051  -2.04101
1052  -2.39051
1053  -2.4156
1054  -2.43558
1055  -2.5805
1056  -2.93837
1057  -2.80082
1058  -2.74508
1059  -3.00863
1060  -3.24299
1061  -2.85406
1062  -2.93208
1063  -3.18999
1064  -3.50497
1065  -3.73946
1066  -3.29684
1067  -3.72536
1068  -4.07355
1069  -4.16508
1070  -4.09265
1071  -4.38106
1072  -4.41005
1073  -4.47396
1074  -4.35834
1075  -4.35792
1076  -4.38997
1077  -4.00181
1078  -4.45695
1079  -4.27239
1080  -3.92041
1081  -4.27693
1082  -4.21348
1083  -3.98067
1084  -3.61512
1085  -3.84456
1086  -3.50214
1087  -3.593
1088  -3.42046
1089  -3.43877
1090  -4.05144
1091  -4.03589
1092  -4.32598
1093  -4.2208
1094  -3.37785
1095  -3.49175
1096  -3.97161
1097  -4.34224
1098  -4.66515
1099  -4.79707
1100  -4.92675
1101  -5.32651
1102  -5.30837
1103  -6.00657
1104  -5.37684
1105  -5.56611
1106  -5.20223
1107  -5.18581
1108  -5.44413
1109  -5.64582
1110  -5.12738
1111  -5.9196
1112  -5.41427
1113  -5.30705
1114  -5.63406
1115  -5.46053
1116  -5.51969
1117  -5.4228
1118  -5.75258
1119  -5.36207
1120  -4.79761
1121  -5.16309
1122  -5.50021
1123  -5.44143
1124  -5.37836
1125  -5.4031
1126  -4.83891
1127  -4.90043
1128  -4.99719
1129  -5.11121
1130  -5.99951
1131  -5.75379
1132  -6.38093
1133  -6.19743
1134  -6.06276
1135  -6.49543
1136  -6.30104
1137  -6.34463
1138  -6.82087
1139  -6.85473
1140  -6.84883
1141  -7.44132
1142  -6.74536
1143  -6.44816
1144  -6.48207
1145  -6.48557
1146  -6.65715
1147  -6.74248
1148  -6.6815
1149  -6.81641
1150  -6.76228
1151  -7.10097
1152  -7.13706
1153  -7.10893
1154  -7.29956
1155  -6.96416
1156  -7.05932
1157  -6.5518
1158  -6.44363
1159  -6.68665
1160  -6.63768
1161  -6.15229
1162  -5.61113
1163  -4.88239
1164  -5.20036
1165  -4.79258
1166  -4.72544
1167  -4.49735
1168  -4.64329
1169  -4.72307
1170  -4.48457
1171  -4.04849
1172  -4.29718
1173  -4.81614
1174  -4.73298
1175  -4.62756
1176  -3.91509
1177  -3.72451
1178  -3.90897
1179  -3.22475
1180  -3.26186
1181  -3.12815
1182  -3.04332
1183  -3.00262
1184  -2.95505
1185  -3.09493
1186  -3.06952
1187  -3.06997
1188  -2.81531
1189  -2.65792
1190  -3.30873
1191  -2.89017
1192  -2.40324
1193  -3.00581
1194  -3.09325
1195  -2.84259
1196  -2.72493
1197  -3.02401
1198  -2.75361
1199  -2.46454
1200  -2.79259
1201  -2.39369
1202  -2.85556
1203  -2.88619
1204  -2.35103
1205  -2.19478
1206  -2.52771
1207  -2.42118
1208  -2.40559
1209  -3.32182
1210  -2.57703
1211  -2.86125
1212  -3.11686
1213  -3.52692
1214  -3.23534
1215  -3.09379
1216  -2.91558
1217  -3.34572
1218  -2.7841
1219  -2.75615
1220  -2.52528
1221  -3.32306
1222  -2.48321
1223  -2.23002
1224  -2.92727
1225  -3.12683
1226  -2.88464
1227  -2.5352
1228  -2.57577
1229  -2.29532
1230  -2.27042
1231  -2.52393
1232  -2.60818
1233  -2.41155
1234  -1.96277
1235  -2.10185
1236  -2.13269
1237  -1.63208
1238  -2.24738
1239  -2.17458
1240  -2.58326
1241  -2.33328
1242  -2.55684
1243  -2.20594
1244  -2.30604
1245  -2.33495
1246  -1.79456
1247  -1.6195
1248  -2.35948
1249  -2.22278
1250  -1.98395
1251  -2.14153
1252  -1.88866
1253  -1.92459
1254  -2.15761
1255  -2.18492
1256  -2.59749
1257  -1.67199
1258  -1.96599
1259  -1.89258
1260  -1.9641
1261  -2.07055
1262  -1.70271
1263  -1.75408
1264  -2.29459
1265  -1.88766
1266  -2.0466
1267  -1.92237
1268  -2.46043
1269  -2.29308
1270  -2.00924
1271  -2.47126
1272  -2.34644
1273  -1.952
1274  -2.62626
1275  -2.18782
1276  -2.10256
1277  -1.93908
1278  -1.8701
1279  -1.69658
1280  -1.82347
1281  -1.62206
1282  -1.82127
1283  -1.65043
1284  -2.03105
1285  -1.89654
1286  -2.33907
1287  -1.85296
1288  -1.80488
1289  -1.57085
1290  -1.67056
1291  -2.17363
1292  -1.59788
1293  -1.62024
1294  -1.70771
1295  -2.20113
1296  -1.78727
1297  -2.12343
1298  -2.25144
1299  -2.26623
1300  -2.29838
1301  -2.21978
1302  -2.26761
1303  -1.87986
1304  -1.88069
1305  -2.17923
1306  -2.39231
1307  -1.89192
1308  -2.04533
1309  -2.02642
1310  -2.0946
1311  -1.49739
1312  -1.47857
1313  -2.01868
1314  -2.05489
1315  -1.75665
1316  -1.60602
1317  -1.88327
1318  -1.84278
1319  -1.79318
1320  -1.96029
1321  -1.82762
1322  -1.76282
1323  -1.6082
1324  -1.96817
1325  -1.8796
1326  -1.54792
1327  -1.38617
1328  -1.39996
1329  -1.82401
1330  -1.79681
1331  -2.07828
1332  -1.66754
1333  -1.69239
1334  -1.84982
1335  -1.44852
1336  -1.72233
1337  -1.89138
1338  -2.24992
1339  -1.91247
1340  -1.63641
1341  -1.76768
1342  -1.92628
1343  -1.7035
1344  -1.34572
1345  -1.04486
1346  -1.01293
1347  -1.18273
1348  -1.44777
1349  -1.70139
1350  -1.46104
1351  -1.40301
1352  -1.79106
1353  -1.73963
1354  -1.65001
1355  -1.69891
1356  -1.75537
1357  -1.80583
1358  -2.10333
1359  -1.85995
1360  -2.32719
1361  -2.32388
1362  -2.189
1363  -1.56192
1364  -1.90844
1365  -1.91741
1366  -1.8487
1367  -1.95886
1368  -2.17516
1369  -1.80851
1370  -1.72577
1371  -2.13349
1372  -1.80341
1373  -1.80185
1374  -2.21385
1375  -1.59491
1376  -1.36154
1377  -1.93367
1378  -1.98427
1379  -1.73361
1380  -1.67351
1381  -1.41764
1382  -1.24198
1383  -1.66083
1384  -1.47378
1385  -1.68052
1386  -1.20278
1387  -1.24847
1388  -1.5958
1389  -1.83596
1390  -1.85307
1391  -1.65116
1392  -1.57641
1393  -1.75716
1394  -1.72991
1395  -1.77059
1396  -1.48007
1397  -1.62817
1398  -1.44381
1399  -1.79625
