0  -0.176609
1  -0.134152
2  -0.0875021
3  -0.219846
4  -0.162246
5  -0.0537577
6  -0.0783437
7  0.0252597
8  -0.0313749
9  0.18312
10  -0.0342635
11  -0.052638
12  -0.0170315
13  0.0485293
14  0.0305744
15  -0.0195268
16  0.0458348
17  0.0537979
18  -0.105405
19  -0.00163141
20  -0.128438
21  0.151098
22  -0.0745512
23  -0.0208877
24  -0.0961003
25  -0.153843
26  -0.165137
27  -0.00748199
28  0.0891876
29  0.120499
30  0.159532
31  -0.0513854
32  -0.0432634
33  0.108914
34  0.0473146
35  0.0768232
36  -0.132447
37  -0.178576
38  0.0104436
39  0.111735
40  0.0226938
41  0.0987799
42  -0.0259729
43  -0.0906512
44  0.0852059
45  -0.056766
46  -0.197543
47  -0.040906
48  -0.114168
49  -0.0746713
50  0.189843
51  -0.0665804
52  -0.268976
53  -0.16959
54  0.0615655
55  -0.0560189
56  0.020546
57  -0.0314899
58  -0.035057
59  0.0384442
60  -0.0290055
61  -0.0980128
62  -0.0575803
63  0.0292539
64  -0.0877376
65  -0.0315134
66  0.0475092
67  0.0500192
68  0.185154
69  0.106195
70  -0.0885514
71  0.0274515
72  0.0495147
73  0.0734799
74  0.0824116
75  -0.0698912
76  0.0692292
77  0.0054412
78  0.00210492
79  -0.203096
80  0.0512608
81  -0.0201527
82  -0.116362
83  -0.0153237
84  -0.105329
85  0.0339689
86  -0.00303193
87  0.00555119
88  0.00876452
89  -0.083465
90  0.0781328
91  0.286015
92  -0.0220297
93  0.0393804
94  0.0784395
95  0.27608
96  -0.0169174
97  0.0326206
98  -0.0315602
99  -0.0623929
100  -0.134538
101  -0.0567073
102  0.0498099
103  0.112184
104  0.134846
105  0.0406367
106  0.0221609
107  0.174254
108  0.274984
109  -0.0909055
110  0.00933209
111  0.180036
112  0.126322
113  0.200612
114  0.03918
115  0.105563
116  0.0706767
117  0.0357729
118  0.107236
119  0.109703
120  -0.0480182
121  0.0664993
122  -0.0352923
123  0.00319147
124  0.0845609
125  -0.0531719
126  -0.0446699
127  0.121775
128  0.278442
129  0.207331
130  0.00542086
131  0.0635973
132  0.0891971
133  0.110883
134  0.0786221
135  -0.0885974
136  -0.0242571
137  0.218771
138  -0.0265139
139  -0.0204564
140  0.224157
141  -0.0759935
142  -0.117257
143  0.0653014
144  -0.0755877
145  0.0480561
146  0.0993576
147  0.0373239
148  -0.230047
149  -0.0726914
150  0.042823
151  0.0514986
152  0.0670957
153  0.018826
154  0.119918
155  -0.0178892
156  0.0358986
157  -0.167058
158  0.107624
159  -0.00637035
160  -0.218222
161  -0.141454
162  0.0697986
163  0.060929
164  -0.266786
165  0.115746
166  -0.0304958
167  -0.06382
168  0.117499
169  0.0207015
170  0.029187
171  -0.00498105
172  -0.0216197
173  0.211615
174  0.120357
175  -0.0249131
176  -0.0404567
177  -0.141115
178  0.0664781
179  0.0868809
180  0.0260698
181  -0.12445
182  -0.121936
183  0.0521701
184  -0.00320908
185  -0.162203
186  -0.0653109
187  -0.0904185
188  -0.116615
189  0.0903689
190  0.00530796
191  -0.20045
192  -0.106719
193  -0.0827591
194  0.0990217
195  -0.115058
196  0.0153449
197  -0.00907988
198  -0.108647
199  -0.207286
200  -0.237361
201  -0.071306
202  -0.0260206
203  -0.129283
204  -0.0350164
205  0.0859316
206  -0.0374419
207  -0.124061
208  -0.220179
209  -0.0540848
210  -0.0509456
211  -0.0553587
212  0.0671621
213  -0.134574
214  -0.00576677
215  -0.0568017
216  -0.0947082
217  -0.0307401
218  -0.0984433
219  -0.0264304
220  -0.0960518
221  -0.0258026
222  -0.109741
223  -0.110001
224  -0.378521
225  -0.244997
226  -0.0161758
227  -0.0139552
228  -0.0533461
229  -0.129259
230  -0.111098
231  -0.177878
232  -0.130954
233  -0.0556927
234  -0.141158
235  -0.117434
236  -0.013957
237  0.107234
238  -0.25874
239  -0.189737
240  -0.233032
241  -0.11638
242  0.000590209
243  -0.012549
244  -0.0988798
245  -0.00574812
246  -0.180798
247  -0.000514218
248  0.0722183
249  -0.165231
250  -0.118168
251  -0.0479124
252  -0.264912
253  -0.113038
254  -0.0754656
255  0.0644539
256  -0.0579588
257  -0.183091
258  -0.0412839
259  -0.0817431
260  -0.107442
261  -0.182957
262  -0.032933
263  -0.0207474
264  -0.0941073
265  0.0120918
266  -0.100365
267  0.00860179
268  0.00445973
269  -0.0412958
270  -0.161395
271  -0.0760724
272  0.0816792
273  -0.04324
274  -0.0675367
275  -0.139864
276  0.0381326
277  0.199349
278  -0.097385
279  0.0491198
280  0.182365
281  0.0295515
282  0.0688653
283  0.0934398
284  -0.0481266
285  -0.253804
286  -0.070248
287  0.0360423
288  -0.0403929
289  0.130352
290  0.108998
291  -0.0265054
292  0.0045928
293  -0.206626
294  0.0608009
295  -0.0705687
296  0.00962387
297  0.0889822
298  0.0782661
299  -0.00177981
300  -0.0166666
301  0.163405
302  -0.102356
303  0.0616716
304  0.0201786
305  -0.128293
306  0.073695
307  -0.119304
308  -0.162979
309  0.0395658
310  -0.247285
311  0.0384207
312  0.0685766
313  0.059027
314  -0.00715418
315  0.0107251
316  -0.214617
317  0.00943252
318  0.116539
319  0.0614861
320  0.0771087
321  0.10304
322  0.0502427
323  0.0594256
324  0.0609758
325  0.150322
326  -0.0175044
327  -0.00818095
328  -0.0795493
329  0.0337179
330  0.0351133
331  0.0853615
332  -0.0535659
333  -0.0537505
334  0.0278388
335  -0.114742
336  0.00856418
337  0.00211588
338  0.0488189
339  0.0452749
340  0.204776
341  -0.0450824
342  0.170771
343  0.086411
344  0.0500934
345  0.05589
346  0.062809
347  -0.0340573
348  -0.085137
349  0.0491193
350  -0.0214855
351  -0.0817835
352  -0.030516
353  0.0444887
354  0.0778556
355  0.184553
356  0.0380971
357  0.180904
358  0.231628
359  0.11848
360  0.191241
361  0.106835
362  0.0566263
363  -0.0874408
364  0.0819398
365  -0.217781
366  0.0498071
367  0.0890689
368  0.121395
369  0.313714
370  -0.0092632
371  0.114585
372  0.0483705
373  0.126146
374  -0.0282022
375  0.163621
376  0.0932053
377  0.097538
378  -0.0645349
379  0.0202432
380  0.172254
381  0.155099
382  0.152386
383  0.00880902
384  -0.00105407
385  0.0721144
386  -0.0290259
387  0.057468
388  0.142274
389  0.0429795
390  0.158041
391  0.210335
392  0.224299
393  0.0400497
394  0.0614264
395  0.267031
396  0.0353753
397  0.161228
398  0.317016
399  0.085724
400  0.101708
401  0.066518
402  -0.000226131
403  0.165521
404  0.206313
405  0.154023
406  0.224729
407  0.0293347
408  -0.0104218
409  -0.0559399
410  0.093896
411  0.202407
412  0.198171
413  0.203127
414  0.0202685
415  0.107002
416  0.00686561
417  -0.0410776
418  0.174981
419  0.122144
420  0.00588268
421  0.0657068
422  0.128139
423  0.142645
424  -0.044425
425  0.171413
426  -0.0427632
427  -0.0847308
428  0.118108
429  0.0463339
430  0.0921375
431  0.1229
432  0.0116369
433  0.197814
434  0.0760326
435  0.188929
436  0.0839089
437  0.0492929
438  0.0548137
439  0.0178097
440  0.0453199
441  -0.00549592
442  -0.118098
443  0.111294
444  0.169479
445  -0.0697806
446  0.153697
447  -0.1152
448  -0.14111
449  0.074651
450  -0.0421754
451  -0.00536775
452  -0.0683245
453  -0.160984
454  -0.230271
455  0.0623796
456  0.0329242
457  0.00661722
458  -0.0270364
459  -0.0197515
460  0.0868851
461  -0.122477
462  0.0723499
463  0.0208326
464  0.0758752
465  -0.0130155
466  -0.0187964
467  0.14164
468  0.11199
469  -0.150389
470  0.00129004
471  -0.0253922
472  -0.0990404
473  -0.07196
474  0.0765688
475  0.014326
476  -0.0639904
477  -0.0860245
478  -0.0215539
479  -0.133073
480  0.0578663
481  -0.224223
482  -0.251379
483  -0.380643
484  -0.424173
485  -0.632191
486  -0.6409
487  -0.76338
488  -0.895704
489  -1.09598
490  -1.63805
491  -1.86894
492  -2.56196
493  -3.83235
494  -7.43114
495  -16.7638
496  -39.2366
497  -89.5408
498  -187.576
499  -349.841
500  -584.854
501  -871.741
502  -1171.18
503  -1446.03
504  -1664.66
505  -1813.07
506  -1891.07
507  -1908.1
508  -1877.22
509  -1813.01
510  -1726.06
511  -1624.35
512  -1512.9
513  -1396.47
514  -1278.35
515  -1162.03
516  -1051.04
517  -947.074
518  -852.056
519  -766.38
520  -689.174
521  -619.683
522  -556.617
523  -499.786
524  -448.755
525  -403.203
526  -362.357
527  -326.364
528  -293.372
529  -263.849
530  -237.003
531  -213.046
532  -192.191
533  -174.411
534  -159.319
535  -146.453
536  -135.794
537  -126.145
538  -117.875
539  -111.079
540  -105.527
541  -100.744
542  -96.862
543  -93.0668
544  -88.6715
545  -84.0849
546  -79.7217
547  -75.9732
548  -73.0342
549  -70.6896
550  -69.3481
551  -67.2011
552  -64.7348
553  -62.4924
554  -60.4376
555  -58.4723
556  -57.5811
557  -56.7383
558  -55.5144
559  -53.8164
560  -51.566
561  -48.6574
562  -45.6996
563  -42.845
564  -40.4126
565  -38.3421
566  -36.6358
567  -35.679
568  -35.0025
569  -34.8712
570  -35.0839
571  -35.632
572  -35.9048
573  -36.2343
574  -36.0164
575  -35.1619
576  -33.8269
577  -32.4675
578  -31.0448
579  -29.6272
580  -28.2575
581  -27.2468
582  -26.3358
583  -26.3001
584  -27.3169
585  -29.8215
586  -33.666
587  -38.5172
588  -43.4805
589  -48.0102
590  -51.636
591  -53.1939
592  -53.3775
593  -51.751
594  -48.5642
595  -45.1954
596  -41.4837
597  -37.3473
598  -33.7906
599  -30.2656
600  -27.3224
601  -24.8367
602  -23.3248
603  -22.2095
604  -21.2333
605  -20.2587
606  -19.2975
607  -18.1444
608  -16.911
609  -15.7477
610  -14.7859
611  -13.7169
612  -12.8454
613  -11.705
614  -10.9057
615  -10.5383
616  -9.80841
617  -9.39484
618  -9.4503
619  -9.49388
620  -9.55548
621  -9.38615
622  -9.36569
623  -9.0666
624  -8.44352
625  -8.13018
626  -7.95218
627  -7.85583
628  -7.63518
629  -7.51365
630  -7.2212
631  -7.264
632  -7.59878
633  -7.52485
634  -7.74385
635  -7.77342
636  -7.87192
637  -8.12851
638  -8.35419
639  -8.48503
640  -8.7995
641  -8.82812
642  -8.87874
643  -8.55065
644  -8.07443
645  -8.10834
646  -7.71352
647  -7.6715
648  -7.89915
649  -8.06427
650  -8.40072
651  -8.708
652  -9.05046
653  -9.23481
654  -9.52268
655  -9.49116
656  -9.54344
657  -9.44428
658  -9.43193
659  -9.03446
660  -8.47841
661  -8.16958
662  -7.79287
663  -7.51548
664  -7.36972
665  -7.30104
666  -7.45084
667  -7.52279
668  -7.66717
669  -7.61812
670  -7.65895
671  -7.52908
672  -7.52309
673  -7.40264
674  -6.97758
675  -6.82254
676  -6.53002
677  -6.21024
678  -6.35425
679  -6.23584
680  -6.23951
681  -6.67675
682  -7.45496
683  -8.1193
684  -9.55037
685  -11.3959
686  -13.0268
687  -15.4004
688  -18.015
689  -20.1313
690  -22.2388
691  -24.2027
692  -25.862
693  -27.3585
694  -28.3476
695  -29.2369
696  -30.1084
697  -30.4731
698  -30.8038
699  -30.8652
700  -31.0945
701  -31.0242
702  -30.9894
703  -31.337
704  -32.0372
705  -33.8841
706  -37.3075
707  -41.8146
708  -47.806
709  -54.3391
710  -60.3717
711  -64.703
712  -67.3426
713  -67.7554
714  -66.2153
715  -63.2207
716  -59.2469
717  -54.7199
718  -49.6457
719  -44.6559
720  -39.9026
721  -34.9627
722  -30.3201
723  -26.192
724  -22.2112
725  -18.9842
726  -16.1297
727  -13.5781
728  -11.6374
729  -9.76317
730  -8.31067
731  -7.24393
732  -5.84603
733  -4.90931
734  -3.97583
735  -3.1916
736  -2.71978
737  -1.91509
738  -1.2967
739  -0.913835
740  -0.281745
741  0.0259542
742  0.436141
743  0.543577
744  0.692361
745  0.676425
746  0.539676
747  0.421095
748  0.414782
749  0.276025
750  0.277994
751  0.38305
752  0.420164
753  0.470281
754  0.549723
755  0.722612
756  0.780593
757  0.58302
758  0.823803
759  0.95476
760  0.659575
761  0.642729
762  0.382465
763  0.436455
764  0.677686
765  0.430549
766  0.198314
767  0.261606
768  0.266438
769  0.464859
770  0.342992
771  0.476549
772  0.526346
773  0.584974
774  0.281024
775  0.237298
776  -0.157733
777  -0.203502
778  -0.323705
779  -0.377993
780  -0.593228
781  -0.812696
782  -0.723091
783  -0.579258
784  -0.612669
785  -0.459268
786  -0.371554
787  -0.378257
788  0.0109625
789  0.0854733
790  -0.124989
791  -0.216094
792  -0.0279687
793  -0.349846
794  -0.82738
795  -0.89493
796  -1.50903
797  -1.36899
798  -1.63757
799  -1.70682
800  -1.74226
801  -1.28126
802  -0.927012
803  -0.808273
804  -0.279916
805  -0.0729932
806  0.139429
807  0.111128
808  0.20096
809  0.457745
810  0.725904
811  0.674651
812  0.619316
813  0.653448
814  0.764864
815  0.768706
816  0.824727
817  0.822731
818  0.936679
819  0.998106
820  0.981466
821  0.918643
822  0.826904
823  0.931906
824  0.962215
825  1.00688
826  0.910537
827  0.895901
828  0.776892
829  0.690178
830  0.57061
831  0.563779
832  0.635839
833  0.65799
834  0.557955
835  0.68873
836  0.856534
837  0.718839
838  0.712533
839  0.747818
840  0.738111
841  0.673967
842  0.395574
843  0.43127
844  0.456799
845  0.522595
846  0.275928
847  0.465632
848  0.250879
849  0.0564785
850  0.320091
851  0.292139
852  0.398619
853  0.435873
854  0.311319
855  0.258445
856  0.118776
857  0.141137
858  0.192761
859  0.117823
860  0.20647
861  0.0468182
862  0.0605707
863  0.129852
864  0.0705801
865  -0.0521043
866  -0.0770388
867  0.0127662
868  -0.00218367
869  0.0607584
870  -0.00802597
871  0.0134056
872  -0.107824
873  -0.119086
874  0.146886
875  -0.0433427
876  -0.101448
877  -0.237004
878  -0.325712
879  -0.418738
880  -0.392869
881  -0.142912
882  -0.387417
883  -0.430948
884  -0.195935
885  -0.220685
886  -0.36918
887  -0.504769
888  -0.510552
889  -0.552049
890  -0.584391
891  -0.625545
892  -0.869691
893  -0.817522
894  -0.8754
895  -1.31278
896  -1.45789
897  -1.20691
898  -1.50545
899  -1.50128
900  -1.52081
901  -1.71728
902  -1.81768
903  -1.62398
904  -1.5627
905  -1.70288
906  -1.84982
907  -1.60454
908  -1.5137
909  -1.58035
910  -1.36727
911  -1.07447
912  -1.23799
913  -1.57292
914  -1.59193
915  -1.70791
916  -1.62274
917  -1.72791
918  -1.71756
919  -1.79167
920  -1.81487
921  -1.93957
922  -1.82552
923  -1.57938
924  -1.32914
925  -1.27121
926  -0.933295
927  -0.898086
928  -0.772239
929  -0.545895
930  -0.397036
931  -0.373814
932  -0.204995
933  0.296091
934  -0.101168
935  -0.0184837
936  0.183197
937  0.00651486
938  0.122139
939  0.102279
940  0.152484
941  0.0917734
942  -0.162731
943  -0.0781707
944  0.0279859
945  0.177143
946  0.111804
947  0.128375
948  -0.115812
949  -0.0753827
950  -0.00970777
951  0.22376
952  0.0951852
953  -0.100304
954  0.0262334
955  -0.0318016
956  -0.0523035
957  0.0996713
958  -0.120659
959  -0.0585471
960  -0.154762
961  -0.0180174
962  0.0479748
963  0.0247168
964  0.0632459
965  0.0939608
966  -0.0498135
967  -0.0659532
968  0.0614971
969  -0.188478
970  0.190418
971  0.0189311
972  0.065675
973  0.0589044
974  -0.0172689
975  -0.127073
976  -0.0315456
977  0.051876
978  -0.0142566
979  0.108645
980  -0.104118
981  -0.0355524
982  -0.00448432
983  -0.0701952
984  0.0684183
985  -0.0994041
986  -0.371573
987  -0.33441
988  -0.236798
989  -0.541355
990  -0.555757
991  -0.288971
992  -0.42014
993  -0.531487
994  -0.454124
995  -0.729875
996  -0.532103
997  -0.245066
998  -0.479554
999  -0.506541
1000  -0.445819
1001  -0.337986
1002  -0.429071
1003  -0.109717
1004  -0.206837
1005  -0.413644
1006  -0.38826
1007  -0.301324
1008  -0.35738
1009  -0.227102
1010  -0.209395
1011  -0.288878
1012  -0.0904721
1013  -0.24727
1014  -0.259363
1015  -0.0800244
1016  -0.0534096
1017  -0.184208
1018  -0.082083
1019  -0.458341
1020  -0.321275
1021  -0.265328
1022  -0.388056
1023  -0.0435148
1024  -0.0409519
1025  0.00338843
1026  -0.162331
1027  -0.202957
1028  -0.115274
1029  -0.141867
1030  -0.113313
1031  -0.31981
1032  -0.12353
1033  -0.0271675
1034  -0.015924
1035  -0.0316777
1036  -0.0507099
1037  -0.0999662
1038  -0.122393
1039  0.0261364
1040  -0.138688
1041  -0.100408
1042  -0.101408
1043  -0.0766324
1044  -0.179767
1045  -0.257817
1046  -0.238822
1047  -0.080611
1048  -0.242479
1049  -0.31371
1050  -0.172671
1051  -0.384268
1052  -0.490164
1053  -0.155968
1054  -0.350654
1055  -0.477601
1056  -0.502551
1057  -0.334195
1058  -0.448732
1059  -0.28669
1060  -0.2212
1061  -0.309696
1062  -0.414458
1063  -0.236
1064  -0.264685
1065  -0.262495
1066  -0.137042
1067  -0.181813
1068  -0.420488
1069  -0.377225
1070  -0.450976
1071  -0.437485
1072  -0.318811
1073  -0.444589
1074  -0.411447
1075  -0.2193
1076  -0.102888
1077  -0.411984
1078  -0.137211
1079  -0.279179
1080  -0.258862
1081  -0.482104
1082  -0.224114
1083  -0.399407
1084  -0.662289
1085  -0.418445
1086  -0.387666
1087  -0.407104
1088  -0.355258
1089  -0.451344
1090  -0.418704
1091  -0.564296
1092  -0.358537
1093  -0.418946
1094  -0.254222
1095  -0.419786
1096  -0.49359
1097  -0.611436
1098  -0.455797
1099  -0.326326
1100  -0.470075
1101  -0.546208
1102  -0.370149
1103  -0.477633
1104  -0.402652
1105  -0.554731
1106  -0.597869
1107  -0.53124
1108  -0.527823
1109  -0.506456
1110  -0.715918
1111  -0.47802
1112  -0.401878
1113  -0.558666
1114  -0.604022
1115  -0.518013
1116  -0.405847
1117  -0.723125
1118  -0.329744
1119  -0.430081
1120  -0.53016
1121  -0.678831
1122  -0.615585
1123  -0.481001
1124  -0.570173
1125  -0.550199
1126  -0.616059
1127  -0.672764
1128  -0.595222
1129  -0.435521
1130  -0.538049
1131  -0.315583
1132  -0.678086
1133  -0.57258
1134  -0.532545
1135  -0.493033
1136  -0.377725
1137  -0.344514
1138  -0.481173
1139  -0.387417
1140  -0.320398
1141  -0.510691
1142  -0.282089
1143  -0.452105
1144  -0.194666
1145  -0.374167
1146  -0.430197
1147  -0.413554
1148  -0.308862
1149  -0.276883
1150  -0.391131
1151  -0.431307
1152  -0.588889
1153  -0.556825
1154  -0.42374
1155  -0.398375
1156  -0.435726
1157  -0.365441
1158  -0.481819
1159  -0.490672
1160  -0.520232
1161  -0.506727
1162  -0.486666
1163  -0.36843
1164  -0.431273
1165  -0.376998
1166  -0.549308
1167  -0.548002
1168  -0.481434
1169  -0.389032
1170  -0.448523
1171  -0.215819
1172  -0.456271
1173  -0.594915
1174  -0.506428
1175  -0.552259
1176  -0.692821
1177  -0.493917
1178  -0.564223
1179  -0.480077
1180  -0.468421
1181  -0.693666
1182  -0.492001
1183  -0.613713
1184  -0.560449
1185  -0.356467
1186  -0.765955
1187  -0.516529
1188  -0.526737
1189  -0.614202
1190  -0.480551
1191  -0.428716
1192  -0.626262
1193  -0.566115
1194  -0.437038
1195  -0.577638
1196  -0.402767
1197  -0.394908
1198  -0.520847
1199  -0.56809
1200  -0.544221
1201  -0.663112
1202  -0.625327
1203  -0.558057
1204  -0.618702
1205  -0.687008
1206  -0.593415
1207  -0.746847
1208  -0.587441
1209  -0.61975
1210  -0.63696
1211  -0.472014
1212  -0.623212
1213  -0.676019
1214  -0.806164
1215  -0.397196
1216  -0.39344
1217  -0.364839
1218  -0.439473
1219  -0.463147
1220  -0.499642
1221  -0.457289
1222  -0.561764
1223  -0.417355
1224  -0.429105
1225  -0.727073
1226  -0.519941
1227  -0.659438
1228  -0.741171
1229  -0.567363
1230  -0.671868
1231  -0.703091
1232  -0.348738
1233  -0.574272
1234  -0.448388
1235  -0.486118
1236  -0.692869
1237  -0.632864
1238  -0.880828
1239  -0.657282
1240  -0.636485
1241  -0.763223
1242  -0.731492
1243  -0.775168
1244  -0.644187
1245  -0.891618
1246  -0.887488
1247  -0.838392
1248  -0.697408
1249  -1.0003
1250  -0.852745
1251  -0.642219
1252  -0.658965
1253  -0.877665
1254  -0.772409
1255  -1.05721
1256  -0.824017
1257  -0.891453
1258  -0.957942
1259  -1.01962
1260  -1.11691
1261  -0.994042
1262  -0.956594
1263  -1.13853
1264  -1.09972
1265  -1.09224
1266  -1.04982
1267  -0.992766
1268  -1.17845
1269  -1.22682
1270  -1.19875
1271  -1.19171
1272  -1.14983
1273  -1.01717
1274  -1.21052
1275  -1.32378
1276  -1.22914
1277  -0.96338
1278  -0.926753
1279  -1.25655
1280  -1.07266
1281  -1.08302
1282  -1.14949
1283  -0.940397
1284  -1.03701
1285  -1.07454
1286  -0.977151
1287  -0.954249
1288  -0.793278
1289  -1.12773
1290  -1.1187
1291  -1.1984
1292  -0.937744
1293  -0.993791
1294  -0.90371
1295  -1.02742
1296  -1.00379
1297  -0.933857
1298  -0.865091
1299  -1.08795
1300  -0.944204
1301  -1.12921
1302  -0.870563
1303  -1.06636
1304  -1.06143
1305  -0.944749
1306  -1.16195
1307  -1.03671
1308  -1.21371
1309  -1.03424
1310  -1.22831
1311  -1.18001
1312  -1.01188
1313  -1.08908
1314  -1.20896
1315  -1.20502
1316  -1.14703
1317  -1.02749
1318  -0.94801
1319  -1.10148
1320  -0.97171
1321  -1.26102
1322  -1.10946
1323  -1.06976
1324  -1.17473
1325  -1.2208
1326  -1.17732
1327  -0.970903
1328  -1.25736
1329  -1.38962
1330  -1.21936
1331  -1.20855
1332  -1.06186
1333  -1.31586
1334  -1.11553
1335  -1.16924
1336  -1.10894
1337  -1.26258
1338  -1.28809
1339  -1.18801
1340  -1.16289
1341  -1.31989
1342  -1.23874
1343  -1.1581
1344  -1.09733
1345  -1.04764
1346  -1.07655
1347  -1.37618
1348  -1.22583
1349  -1.19651
1350  -1.24221
1351  -1.24995
1352  -1.10858
1353  -1.02177
1354  -0.984254
1355  -1.04179
1356  -1.08483
1357  -0.998571
1358  -1.15453
1359  -0.881423
1360  -1.17202
1361  -1.51121
1362  -1.2793
1363  -1.19088
1364  -1.26748
1365  -1.09155
1366  -1.24764
1367  -1.31822
1368  -1.26259
1369  -1.23101
1370  -1.14572
1371  -1.16524
1372  -1.26414
1373  -1.18863
1374  -1.33829
1375  -1.06609
1376  -1.25656
1377  -1.16097
1378  -1.20253
1379  -1.06793
1380  -1.22596
1381  -1.2168
1382  -1.23865
1383  -1.2058
1384  -1.20097
1385  -1.17595
1386  -1.213
1387  -0.968288
1388  -0.903429
1389  -1.33424
1390  -1.23274
1391  -1.18858
1392  -0.95853
1393  -1.03607
1394  -0.949496
1395  -0.897941
1396  -1.18183
1397  -0.832868
1398  -1.05382
1399  -0.969892
